net
{
     node_size = (0 0);
     name = "";
     HR_Color_Utility = "10";
     HR_Color_Decision = "30";
}

node status2
{
     label = "";
     position = (35 28);
     states = ("0.0" "1.0");
}

node mcd
{
     label = "";
     position = (140 93);
     states = ("outros" "serviços" "varejo" "loja" "cia_aerea" "locadora" "hotel" "transporte" "entretenimento" "mail_order" "autopeças" "equipamentos" "joalheria" "farmácia" "vestuário" "posto_de_gasolina" "supermercado" "alimentos" "eletronicos" "informática" "restaurante" "livraria" "escolas" "fotografia" "telemarketing" "hospital" "financeiras" "seguros" "diversos" "associações");
}

node FAIXA_VALOR
{
     label = "";
     position = (256 35);
     states = ("100.0" "200.0" "500.0" "400.0" "300.0" "3000.0" "600.0" "800.0" "1000.0" "1500.0" "5000.0" "700.0" "900.0");
}

node UF
{
     label = "";
     position = (339 231);
     states = ("BA" "PI" "MG" "CE" "AP" "RJ" "PB" "ZZ" "DF" "RS" "RN" "PR" "SP" "AM" "SC" "MT" "RR" "MA" "PA" "GO" "ES" "SE" "PE" "MS" "RO" "AL" "AC" "TO");
}

node GR_HORA
{
     label = "";
     position = (134 233);
     states = ("18.0" "12.0" "24.0" "6.0");
}

potential (status2)
{
 data = ( 0.972175584721343 0.02782441527865701 );
}

potential (mcd | status2)
{
 data = (( 0.001271760386406101 0.01829897692974395 0.01696624173029098 0.10918629111988955 0.007619673958963951 0.0010300388061131606 0.011713697120682222 0.007393196081932727 0.005881891787128217 0.0031227814967574466 0.015182728448670095 0.00387407830037064 0.005383204923280619 0.08415830803604482 0.10539931969530014 0.17026127707390584 0.2207397115891343 0.013595205637557001 0.004790878167968189 0.0031097154653902605 0.07760787097729559 0.012445394877244635 0.005796962583241508 0.004496892462206505 0.03623210498120669 0.005751231473456357 0.048538128857201344 1.5243703261716964E-5 4.355343789061989E-6 1.328379855663907E-4 )
( 0.0025814288968187683 0.012527522587502848 0.018373699795004177 0.09498139852706704 0.02945865917546124 0.001062941310454787 0.007744286690456305 0.006757269759319718 0.007288740414547111 0.009490547414774885 0.026801305899324272 0.006073950345455926 0.00652949662136512 0.06332093235137803 0.07524105990433529 0.3541872295193987 0.10280160959684155 0.015336724622276213 0.011996051932275454 0.003948067724546352 0.06377647862728722 0.005238782172955736 0.0024295801381823703 0.004251765241819148 0.06180244476501404 0.005011009035001139 6.833194138637917E-4 1.5184875863639814E-4 7.592437931819907E-5 7.592437931819907E-5 ));
}

potential (FAIXA_VALOR | mcd status2)
{
 data = ((( 0.7550335570469798 0.07214765100671142 0.02348993288590604 0.025167785234899327 0.07046979865771812 0.0050335570469798654 0.008389261744966443 0.008389261744966443 0.0050335570469798654 0.006711409395973154 0.0050335570469798654 0.008389261744966443 0.006711409395973154 )
( 0.8666666666666667 0.08888888888888889 0.0042780748663101605 0.01057635175282234 0.019964349376114084 0.0017825311942959 0.0023767082590612004 8.318478906714201E-4 5.941770647653001E-4 0.0017825311942959 2.3767082590612002E-4 0.0010695187165775401 9.506833036244801E-4 )
( 0.7923875432525952 0.11495578623606305 0.01050877867486864 0.02101755734973728 0.03729334871203383 0.0032038959374599513 0.00525438933743432 0.0034602076124567475 0.0019223375624759708 0.00397283096245034 1.2815583749839805E-4 0.004357298474945534 0.0015378700499807767 )
( 0.8115092420888915 0.11230085142868537 0.00885326314530119 0.014795318139219558 0.03459552152499452 0.0017746405854319953 0.004845366991685111 0.002113616877031365 0.001116627784092042 0.002691870550936173 2.1933760044665112E-4 0.0034695220434288448 0.001714821239855636 )
( 0.172885217886642 0.2053545998291085 0.07775562517801196 0.12446596411278837 0.17516377100541156 0.03332383936200513 0.05639418968954714 0.025918541726003986 0.016234690971233267 0.04072913699800627 0.009114212475078326 0.04243805183708345 0.020222158929080036 )
( 0.20412371134020618 0.11958762886597939 0.1134020618556701 0.06597938144329897 0.07628865979381444 0.01443298969072165 0.11134020618556702 0.12577319587628866 0.07010309278350516 0.0288659793814433 0.006185567010309278 0.05360824742268041 0.010309278350515464 )
( 0.6362455945093675 0.1914301613800779 0.022259321090706732 0.03654238545724355 0.07048785012057132 0.0022259321090706734 0.01001669449081803 0.008347245409015025 0.0027824151363383415 0.0076052680393248005 0.0014839547393804488 0.00667779632721202 0.0038953811908736783 )
( 0.8324038743762842 0.12444966245964191 0.0044027003228646906 0.007631347226298797 0.024655121808042267 5.87026709715292E-4 0.0017610801291458762 8.805400645729381E-4 5.87026709715292E-4 5.87026709715292E-4 2.93513354857646E-4 0.001174053419430584 5.87026709715292E-4 )
( 0.633984518982676 0.10541835606339846 0.03722816070770365 0.03796535200884629 0.057132325838555105 0.035753778105418355 0.019535569480280134 0.01142646516771102 0.007371913011426466 0.019535569480280134 0.010320678215997052 0.012900847769996313 0.01142646516771102 )
( 0.5532503457814661 0.11134163208852006 0.034578146611341634 0.06915629322268327 0.10027662517289074 0.008990318118948824 0.04426002766251729 0.02074688796680498 0.006224066390041493 0.007607192254495159 0.002074688796680498 0.0338865836791148 0.007607192254495159 )
( 0.6416093928980527 0.16709621993127147 0.0220504009163803 0.040807560137457045 0.06844215349369989 0.004581901489117984 0.015320733104238258 0.00715922107674685 0.004868270332187858 0.008734249713631157 0.002434135166093929 0.0104524627720504 0.006443298969072165 )
( 0.7872696817420436 0.09659408151870463 0.01507537688442211 0.023450586264656615 0.04075935231714126 0.005025125628140704 0.007816862088218872 0.002233389168062535 0.002233389168062535 0.003908431044109436 5.583472920156337E-4 0.012283640424343942 0.0027917364600781687 )
( 0.6304347826086957 0.18800322061191627 0.024154589371980676 0.03260869565217391 0.07286634460547504 0.0036231884057971015 0.01288244766505636 0.008454106280193236 0.0036231884057971015 0.009259259259259259 4.0257648953301127E-4 0.010466988727858293 0.00322061191626409 )
( 0.9349681825236691 0.052873920016555435 8.01903875006467E-4 0.0028713332298618654 0.0071395312742511255 1.2933933467846242E-4 5.173573387138497E-4 3.104144032283098E-4 1.0347146774276993E-4 7.760360080707745E-5 2.5867866935692483E-5 1.552072016141549E-4 2.5867866935692483E-5 )
( 0.7638808559861191 0.1565314384863257 0.0077666694208047594 0.01724778980418078 0.041993720565149134 6.196810708088904E-4 0.004234487317194084 0.001673138891184004 7.849293563579278E-4 0.0017557630339585227 2.065603569362968E-4 0.0024374122118483023 8.675534991324465E-4 )
( 0.9625561082905993 0.03387597989692699 3.7085821706715093E-4 7.417164341343019E-4 0.0017391971559011215 8.951750067138126E-5 2.046114301060143E-4 8.951750067138126E-5 7.672928628975536E-5 7.672928628975536E-5 2.5576428763251788E-5 1.0230571505300715E-4 5.1152857526503576E-5 )
( 0.8262327746924845 0.12260177357783324 0.004044309853319787 0.01057439064087515 0.032078282056087676 2.5646842972271817E-4 0.0020122907562859426 5.425293705672885E-4 2.1701174822691538E-4 2.0714757785296467E-4 2.9592511121852098E-5 8.976395040295136E-4 3.0578928159247167E-4 )
( 0.949480415667466 0.03820943245403677 9.592326139088729E-4 0.0017585931254996002 0.0073541167066346926 1.598721023181455E-4 0.0011191047162270183 1.598721023181455E-4 1.598721023181455E-4 1.598721023181455E-4 1.598721023181455E-4 1.598721023181455E-4 1.598721023181455E-4 )
( 0.5632911392405063 0.1577757685352622 0.04113924050632911 0.054249547920433995 0.07278481012658228 0.015370705244122965 0.027124773960216998 0.014918625678119348 0.004972875226039783 0.022603978300180832 0.00135623869801085 0.014466546112115732 0.009945750452079566 )
( 0.8083333333333333 0.07430555555555556 0.014583333333333334 0.022222222222222223 0.0375 0.00625 0.0125 0.002777777777777778 0.003472222222222222 0.007638888888888889 0.001388888888888889 0.005555555555555556 0.003472222222222222 )
( 0.9380645161290323 0.049060308555399716 0.0010378681626928472 0.0020476858345021037 0.008106591865357643 1.6830294530154277E-4 4.7685834502103787E-4 1.6830294530154277E-4 1.6830294530154277E-4 3.64656381486676E-4 2.8050490883590464E-5 1.9635343618513323E-4 1.1220196353436185E-4 )
( 0.890169373144753 0.08363890343984634 0.001746114894360049 0.002793783830976078 0.018159594901344507 3.4922297887200976E-4 0.001396891915488039 3.4922297887200976E-4 3.4922297887200976E-4 1.7461148943600488E-4 1.7461148943600488E-4 5.238344683080147E-4 1.7461148943600488E-4 )
( 0.8477935676888556 0.08526551982049364 0.0048616305160807775 0.014584891548242334 0.027673896783844427 0.002243829468960359 0.008601346297681375 0.0011219147344801795 0.0018698578908002991 0.0014958863126402393 3.7397157816005983E-4 0.0014958863126402393 0.002617801047120419 )
( 0.8801155512758787 0.06740491092922485 0.004814636494944632 0.01059220028887819 0.01781415503129514 0.0019258545979778526 0.004333172845450169 0.0014443909484833895 0.0014443909484833895 0.0019258545979778526 4.8146364949446316E-4 0.005777563793933558 0.0019258545979778526 )
( 0.8792192192192192 0.06198198198198198 0.0075075075075075074 0.01009009009009009 0.024984984984984984 0.003123123123123123 0.0037237237237237237 0.0011411411411411411 0.0013813813813813814 0.002042042042042042 9.609609609609609E-4 0.0022822822822822822 0.0015615615615615615 )
( 0.5733132303053148 0.19223520542781755 0.025254428948360347 0.050508857896720695 0.09498680738786279 0.0018846588767433095 0.025254428948360347 0.005277044854881266 0.002638522427440633 0.00980022615906521 3.769317753486619E-4 0.011307953260459858 0.007161703731624576 )
( 0.8457019864580063 0.0881574817272768 0.010986054437020762 0.01053764405183624 0.032151024617730145 4.4841038518452086E-5 0.003946011389623784 0.0013003901170351106 0.004259898659252948 8.968207703690417E-5 4.4841038518452086E-5 0.002062687771848796 7.174566162952334E-4 )
( 0.10526315789473684 0.21052631578947367 0.10526315789473684 0.05263157894736842 0.10526315789473684 0.05263157894736842 0.05263157894736842 0.05263157894736842 0.05263157894736842 0.05263157894736842 0.05263157894736842 0.05263157894736842 0.05263157894736842 )
( 0.14285714285714285 0.07142857142857142 0.07142857142857142 0.07142857142857142 0.07142857142857142 0.07142857142857142 0.07142857142857142 0.07142857142857142 0.07142857142857142 0.07142857142857142 0.07142857142857142 0.07142857142857142 0.07142857142857142 )
( 0.7808219178082192 0.0410958904109589 0.0136986301369863 0.0136986301369863 0.0273972602739726 0.0136986301369863 0.0273972602739726 0.0136986301369863 0.0136986301369863 0.0136986301369863 0.0136986301369863 0.0136986301369863 0.0136986301369863 ))
(( 0.6739130434782609 0.021739130434782608 0.021739130434782608 0.043478260869565216 0.043478260869565216 0.043478260869565216 0.021739130434782608 0.021739130434782608 0.021739130434782608 0.021739130434782608 0.021739130434782608 0.021739130434782608 0.021739130434782608 )
( 0.4971751412429379 0.1807909604519774 0.02824858757062147 0.05084745762711865 0.062146892655367235 0.01694915254237288 0.022598870056497175 0.05649717514124294 0.01694915254237288 0.005649717514124294 0.005649717514124294 0.04519774011299435 0.011299435028248588 )
( 0.35039370078740156 0.1732283464566929 0.06299212598425197 0.05905511811023622 0.1377952755905512 0.04330708661417323 0.047244094488188976 0.011811023622047244 0.011811023622047244 0.04330708661417323 0.011811023622047244 0.031496062992125984 0.015748031496062992 )
( 0.3404592240696754 0.1702296120348377 0.07046714172604909 0.0831353919239905 0.11322248614410134 0.01979414093428345 0.04671417260490895 0.030878859857482184 0.023752969121140142 0.040380047505938245 0.007125890736342043 0.034045922406967535 0.01979414093428345 )
( 0.08 0.075 0.055 0.1225 0.13 0.0675 0.1 0.0525 0.045 0.1275 0.0225 0.0825 0.04 )
( 0.07692307692307693 0.11538461538461539 0.11538461538461539 0.038461538461538464 0.038461538461538464 0.07692307692307693 0.19230769230769232 0.038461538461538464 0.07692307692307693 0.11538461538461539 0.038461538461538464 0.038461538461538464 0.038461538461538464 )
( 0.5 0.20175438596491227 0.06140350877192982 0.043859649122807015 0.07894736842105263 0.008771929824561403 0.017543859649122806 0.017543859649122806 0.017543859649122806 0.017543859649122806 0.008771929824561403 0.017543859649122806 0.008771929824561403 )
( 0.49504950495049505 0.2079207920792079 0.039603960396039604 0.04950495049504951 0.07920792079207921 0.009900990099009901 0.019801980198019802 0.019801980198019802 0.019801980198019802 0.009900990099009901 0.009900990099009901 0.019801980198019802 0.019801980198019802 )
( 0.28703703703703703 0.12037037037037036 0.06481481481481481 0.12037037037037036 0.07407407407407407 0.046296296296296294 0.046296296296296294 0.06481481481481481 0.037037037037037035 0.05555555555555555 0.018518518518518517 0.037037037037037035 0.027777777777777776 )
( 0.19708029197080293 0.10948905109489052 0.06569343065693431 0.08759124087591241 0.058394160583941604 0.06569343065693431 0.051094890510948905 0.08029197080291971 0.051094890510948905 0.06569343065693431 0.021897810218978103 0.10948905109489052 0.0364963503649635 )
( 0.2219178082191781 0.15342465753424658 0.1178082191780822 0.08767123287671233 0.1178082191780822 0.021917808219178082 0.09315068493150686 0.0136986301369863 0.019178082191780823 0.052054794520547946 0.00821917808219178 0.06301369863013699 0.030136986301369864 )
( 0.15217391304347827 0.09782608695652174 0.08695652173913043 0.07608695652173914 0.09782608695652174 0.06521739130434782 0.07608695652173914 0.07608695652173914 0.03260869565217391 0.08695652173913043 0.010869565217391304 0.07608695652173914 0.06521739130434782 )
( 0.15306122448979592 0.16326530612244897 0.10204081632653061 0.1326530612244898 0.08163265306122448 0.061224489795918366 0.061224489795918366 0.030612244897959183 0.02040816326530612 0.05102040816326531 0.02040816326530612 0.08163265306122448 0.04081632653061224 )
( 0.6111111111111112 0.25177304964539005 0.014184397163120567 0.030732860520094562 0.0768321513002364 0.001182033096926714 0.002364066193853428 0.002364066193853428 0.001182033096926714 0.001182033096926714 0.001182033096926714 0.004728132387706856 0.001182033096926714 )
( 0.3040877367896311 0.22831505483549352 0.05782652043868395 0.09272183449651047 0.16350947158524426 0.011964107676969093 0.04685942173479561 0.023928215353938187 0.010967098703888335 0.020937188434695914 9.970089730807576E-4 0.023928215353938187 0.013958125623130608 )
( 0.7519777635236262 0.22877913192217234 0.0010690613641223007 0.003207184092366902 0.011973487278169766 2.1381227282446012E-4 6.414368184733803E-4 4.2762454564892024E-4 2.1381227282446012E-4 4.2762454564892024E-4 2.1381227282446012E-4 2.1381227282446012E-4 6.414368184733803E-4 )
( 0.30234260614934116 0.2005856515373353 0.05490483162518302 0.10029282576866765 0.18887262079062958 0.016105417276720352 0.02855051244509517 0.017569546120058566 0.01171303074670571 0.027818448023426062 0.0036603221083455345 0.020497803806734993 0.027086383601756955 )
( 0.6542056074766355 0.14953271028037382 0.02336448598130841 0.04205607476635514 0.07009345794392523 0.004672897196261682 0.009345794392523364 0.009345794392523364 0.004672897196261682 0.009345794392523364 0.004672897196261682 0.014018691588785047 0.004672897196261682 )
( 0.08235294117647059 0.041176470588235294 0.18823529411764706 0.11764705882352941 0.047058823529411764 0.058823529411764705 0.12352941176470589 0.07058823529411765 0.047058823529411764 0.1 0.01764705882352941 0.052941176470588235 0.052941176470588235 )
( 0.25 0.09375 0.109375 0.0625 0.046875 0.078125 0.078125 0.03125 0.046875 0.046875 0.046875 0.0625 0.046875 )
( 0.7476525821596244 0.1431924882629108 0.022300469483568074 0.02699530516431925 0.036384976525821594 0.002347417840375587 0.002347417840375587 0.002347417840375587 0.002347417840375587 0.004694835680751174 0.0011737089201877935 0.007042253521126761 0.0011737089201877935 )
( 0.4444444444444444 0.1111111111111111 0.037037037037037035 0.1111111111111111 0.08641975308641975 0.012345679012345678 0.06172839506172839 0.024691358024691357 0.024691358024691357 0.012345679012345678 0.012345679012345678 0.04938271604938271 0.012345679012345678 )
( 0.29545454545454547 0.18181818181818182 0.13636363636363635 0.045454545454545456 0.09090909090909091 0.022727272727272728 0.06818181818181818 0.022727272727272728 0.022727272727272728 0.045454545454545456 0.022727272727272728 0.022727272727272728 0.022727272727272728 )
( 0.16176470588235295 0.16176470588235295 0.07352941176470588 0.07352941176470588 0.10294117647058823 0.07352941176470588 0.058823529411764705 0.029411764705882353 0.058823529411764705 0.08823529411764706 0.014705882352941176 0.04411764705882353 0.058823529411764705 )
( 0.6041162227602905 0.12106537530266344 0.029055690072639227 0.0423728813559322 0.0811138014527845 0.01937046004842615 0.018159806295399514 0.014527845036319613 0.012106537530266344 0.018159806295399514 0.007263922518159807 0.018159806295399514 0.014527845036319613 )
( 0.24358974358974358 0.11538461538461539 0.10256410256410256 0.0641025641025641 0.16666666666666666 0.02564102564102564 0.0641025641025641 0.02564102564102564 0.01282051282051282 0.07692307692307693 0.01282051282051282 0.02564102564102564 0.0641025641025641 )
( 0.047619047619047616 0.047619047619047616 0.14285714285714285 0.19047619047619047 0.14285714285714285 0.047619047619047616 0.047619047619047616 0.047619047619047616 0.09523809523809523 0.047619047619047616 0.047619047619047616 0.047619047619047616 0.047619047619047616 )
( 0.14285714285714285 0.07142857142857142 0.07142857142857142 0.07142857142857142 0.07142857142857142 0.07142857142857142 0.07142857142857142 0.07142857142857142 0.07142857142857142 0.07142857142857142 0.07142857142857142 0.07142857142857142 0.07142857142857142 )
( 0.07692307692307693 0.07692307692307693 0.07692307692307693 0.07692307692307693 0.07692307692307693 0.07692307692307693 0.07692307692307693 0.07692307692307693 0.07692307692307693 0.07692307692307693 0.07692307692307693 0.07692307692307693 0.07692307692307693 )
( 0.07692307692307693 0.07692307692307693 0.07692307692307693 0.07692307692307693 0.07692307692307693 0.07692307692307693 0.07692307692307693 0.07692307692307693 0.07692307692307693 0.07692307692307693 0.07692307692307693 0.07692307692307693 0.07692307692307693 )));
}

potential (UF | mcd)
{
 data = (( 0.08074534161490683 0.059006211180124224 0.018633540372670808 0.003105590062111801 0.0015527950310559005 0.17701863354037267 0.0015527950310559005 0.1956521739130435 0.013975155279503106 0.027950310559006212 0.0015527950310559005 0.021739130434782608 0.2236024844720497 0.0015527950310559005 0.012422360248447204 0.0015527950310559005 0.0015527950310559005 0.007763975155279503 0.023291925465838508 0.013975155279503106 0.003105590062111801 0.0015527950310559005 0.09472049689440994 0.003105590062111801 0.0015527950310559005 0.004658385093167702 0.0015527950310559005 0.0015527950310559005 )
( 0.13660693507097976 0.011985105887828718 0.061438212706539444 0.040377007214335583 0.011752385385152431 0.14777751919944146 0.015359553176634861 0.1063532697230626 0.10065161740749361 0.0409588084710263 0.014777751919944147 0.03863160344426344 0.0990225738887596 0.011752385385152431 0.01733767744938329 0.012683267395857576 0.0027926460321154294 0.011752385385152431 0.016639515941354432 0.01605771468466372 0.01326506865254829 0.0039562485454968585 0.043751454503141725 0.009076099604375146 0.0024435652781010005 0.00802885734233186 0.004072608796835001 6.981615080288574E-4 )
( 0.09368407991065889 0.005956073954584936 0.08375728998635067 0.017868221863754807 0.005831989080531084 0.14927410348678496 0.009430450428092816 0.11316540513711379 0.1136617446333292 0.028291351284278447 0.014145675642139224 0.04218885717830997 0.10857426479712123 0.01005087479836208 0.01799230673780866 0.006452413450800347 0.0076932621913388755 0.010795384042685197 0.025933738677255243 0.027670926914009183 0.01749596724159325 0.0071969226951234646 0.04901352525127187 0.009306365554038963 0.003102121851346321 0.013649336145923813 0.005335649584315672 0.002481697481077057 )
( 0.08390384316166175 0.007235101913801152 0.07030885327524505 0.03022405476894352 0.005484674031429905 0.16026139723043412 0.011436128831492143 0.10881826668741248 0.085673720242726 0.05091800217831025 0.016570717286447798 0.036525595145480004 0.10957678543644002 0.012953166329547223 0.025497899486541156 0.010269176909911311 0.002314454644468648 0.016162284113894507 0.02806519371401898 0.022463824490430995 0.022677765676054146 0.009238369379181578 0.04506379337171309 0.007799128675898553 0.004590010891551268 0.007799128675898553 0.0051345884549556554 0.0030340749961101604 )
( 0.15282392026578073 0.002300025555839509 0.03961155123945822 0.010222335803731152 0.001277791975466394 0.06363404037822643 0.0020444671607462305 0.20802453360592896 0.031178124201380015 0.1446460516227958 0.001533350370559673 0.007922310247891643 0.2627140301558906 0.007922310247891643 0.006133401482238692 0.005111167901865576 0.0033222591362126247 0.00434449271658574 0.014311270125223614 0.002811142346026067 0.003066700741119346 0.001533350370559673 0.01098901098901099 0.0035778175313059034 0.002300025555839509 0.002811142346026067 0.002811142346026067 0.0010222335803731152 )
( 0.03898635477582846 0.001949317738791423 0.025341130604288498 0.029239766081871343 0.001949317738791423 0.050682261208576995 0.005847953216374269 0.5282651072124757 0.08576998050682261 0.021442495126705652 0.007797270955165692 0.023391812865497075 0.037037037037037035 0.003898635477582846 0.031189083820662766 0.015594541910331383 0.001949317738791423 0.007797270955165692 0.015594541910331383 0.017543859649122806 0.007797270955165692 0.007797270955165692 0.011695906432748537 0.003898635477582846 0.005847953216374269 0.007797270955165692 0.001949317738791423 0.001949317738791423 )
( 0.09188305792627564 0.004721263846014164 0.08334846558925005 0.03395678227710187 0.0012711094970038134 0.09133829671327401 0.008897766479026693 0.10840748138732523 0.059923733430179774 0.055747230797167244 0.024332667514072998 0.046304703105138914 0.15598329398946795 0.006173960414018522 0.04194661340112584 0.017795532958053386 0.001452696568004358 0.018158707100054475 0.011258398402033775 0.051389141093154164 0.013437443254040312 0.00798983112402397 0.03050662792809152 0.015798075177047396 0.005629199201016888 0.0036317414200108954 0.002905393136008716 0.005810786272017432 )
( 0.1544159544159544 0.009971509971509971 0.05213675213675214 0.01566951566951567 2.849002849002849E-4 0.1623931623931624 0.003418803418803419 0.09316239316239316 0.0452991452991453 0.022222222222222223 0.008547008547008548 0.07521367521367521 0.09914529914529914 0.005128205128205128 0.05042735042735043 0.021652421652421653 0.002279202279202279 0.009401709401709401 0.01339031339031339 0.039316239316239315 0.037606837606837605 0.01339031339031339 0.019373219373219373 0.022507122507122508 0.009686609686609686 0.002279202279202279 2.849002849002849E-4 0.011396011396011397 )
( 0.08147360963513992 0.0028338646829613886 0.06305348919589089 0.03506907545164718 0.001771165426850868 0.09953949698901877 0.008147360963513992 0.16967764789231315 0.10201912858660998 0.031526744597945446 0.011689691817215728 0.03506907545164718 0.1806588735387885 0.008147360963513992 0.023025150549061284 0.011335458731845554 0.003542330853701736 0.012398157987956075 0.017357421183138506 0.02585901523202267 0.01664895501239816 0.001771165426850868 0.019128586609989374 0.019482819695359546 0.006376195536663124 0.005667729365922777 0.0060219624512929506 7.084661707403471E-4 )
( 0.08769716088328075 0.0037854889589905363 0.07634069400630915 0.016403785488958992 0.0037854889589905363 0.1583596214511041 0.015141955835962145 0.13186119873817034 0.05425867507886435 0.050473186119873815 0.015772870662460567 0.023974763406940065 0.11419558359621451 0.007570977917981073 0.030914826498422712 0.0056782334384858045 0.002523659305993691 0.014511041009463722 0.024605678233438486 0.030914826498422712 0.033438485804416405 0.0037854889589905363 0.050473186119873815 0.010094637223974764 0.0037854889589905363 0.011987381703470032 0.012618296529968454 0.005047318611987382 )
( 0.094953067609849 0.008570262549313019 0.07631614746293021 0.03509726567813903 0.023262141205278194 0.11481431097809822 0.01414773500204054 0.12229628621956197 0.07917290164603455 0.039586450823017275 0.025710787647939055 0.029111685484968033 0.09372874438851857 0.019317099714324583 0.0082981907223507 0.017412596925588355 0.007209903414501428 0.01564413005033329 0.029111685484968033 0.03781798394776221 0.017820704666031834 0.007481975241463747 0.045299959189225955 0.009658549857162291 0.005985580193170997 0.010338729424568085 0.008570262549313019 0.0032648619235478168 )
( 0.0870026525198939 0.002652519893899204 0.08063660477453581 0.0493368700265252 0.002652519893899204 0.12838196286472148 0.01273209549071618 0.11087533156498673 0.06631299734748011 0.059416445623342175 0.02546419098143236 0.03289124668435013 0.10875331564986737 0.010610079575596816 0.010079575596816976 0.014323607427055704 0.005835543766578249 0.021750663129973476 0.014323607427055704 0.023342175066312996 0.03660477453580902 0.015915119363395226 0.04509283819628647 0.009018567639257295 0.005305039787798408 0.003713527851458886 0.003183023872679045 0.013793103448275862 )
( 0.08475232198142414 0.008513931888544891 0.05921052631578947 0.04760061919504644 0.005030959752321981 0.14860681114551083 0.018575851393188854 0.13428792569659442 0.05456656346749226 0.06308049535603716 0.018188854489164085 0.0228328173374613 0.1296439628482972 0.010835913312693499 0.024380804953560372 0.015479876160990712 0.001934984520123839 0.014705882352941176 0.013544891640866873 0.020123839009287926 0.013157894736842105 0.008126934984520124 0.06191950464396285 0.005417956656346749 0.005417956656346749 0.005417956656346749 0.0030959752321981426 0.0015479876160990713 )
( 0.08201285880625728 0.008403786766567103 0.07302688199260872 0.03404546144889384 0.00354376550397408 0.17334075836581786 0.011972864881283856 0.09077102212322179 0.09466916417759327 0.07145750012656306 0.016756948311648864 0.033210145294385665 0.09563104338581481 0.007188781450918847 0.02483167113856123 0.009694729914443376 0.002607198906495216 0.016529134814964815 0.032096390421708094 0.028577937528476687 0.016579760036450158 0.003391889839518048 0.03655140991241837 0.012884118868020048 0.004480332101452944 0.007770971498000304 0.004455019490710272 0.0035184528932314077 )
( 0.08590161280530992 0.005402998967966489 0.07562174960033996 0.03136572434587288 0.004816156383430803 0.1601877896270514 0.011999919056195237 0.11718639334641925 0.07792864803610093 0.05362527065584718 0.013436671590748123 0.03774004897100188 0.13108849181455776 0.009733492522816035 0.02448550094097173 0.012242750470485866 0.0017605277536070583 0.010300099156160836 0.014246109638383552 0.024262905477871986 0.020377602849221927 0.006273144869174576 0.04006718335795374 0.009085942084707692 0.0036222352631685452 0.008033672622781634 0.005180403504866747 0.0040269542869862595 )
( 0.06816207345914378 0.011318113808581495 0.08700950818089676 0.022177711279501907 0.0027269655871422368 0.09767604614122304 0.01018388918384092 0.057266277329986966 0.11182972151165597 0.07411071962932574 0.018606110333510305 0.04937496983445147 0.14496356001737534 0.0072276654278681405 0.04116994063420049 0.014479463294560548 0.003209614363627588 0.00853081712437859 0.011836961243303249 0.04873546020560838 0.024880544427819874 0.003221680583039722 0.03347169264925914 0.02263622761716299 0.005815917756648487 0.006889811284328394 0.004500699840725904 0.00798783725083257 )
( 0.07414472723733515 0.00764027446591075 0.09225753078008662 0.027913767093289212 0.004019660324103363 0.14200204389508006 0.011825392963161225 0.07461190325563288 0.08865638230570831 0.0660470095868412 0.015747724950119227 0.057151199571755316 0.12883351987931285 0.008282641491070126 0.03344201664314565 0.015377877268966859 0.002890651613217188 0.010433597741982579 0.016098106963842524 0.02498418414521388 0.025422161662368 0.00429217966811037 0.030716823203075574 0.013976349214073678 0.008107450484208478 0.006783785099031583 0.004253248333252226 0.004087790160105115 )
( 0.14974501622624015 0.009426672848091485 0.10029361767887499 0.0315252665739453 0.0015453562046051615 0.11852882089321588 0.01854427445526194 0.08066759388038942 0.10941121928604543 0.04265183124710246 0.007572245402565291 0.023180343069077423 0.12888270746407046 0.0015453562046051615 0.004172461752433936 0.006954102920723227 0.0012362849636841293 0.018235203214340905 0.010662957811775614 0.02132591562355123 0.039406583217431616 0.00200896306598671 0.03569772832637923 0.0248802348941431 0.003090712409210323 0.007417709782104775 3.090712409210323E-4 0.001081749343223613 )
( 0.05662751677852349 0.008389261744966443 0.07424496644295302 0.030201342281879196 0.01174496644295302 0.138003355704698 0.02139261744966443 0.11493288590604027 0.06795302013422819 0.06208053691275168 0.016359060402684564 0.031459731543624164 0.09312080536912752 0.02726510067114094 0.018036912751677854 0.018036912751677854 0.007130872483221477 0.010067114093959731 0.018875838926174497 0.031879194630872486 0.0625 0.0050335570469798654 0.03942953020134228 0.008389261744966443 0.009228187919463088 0.004614093959731544 0.00587248322147651 0.007130872483221477 )
( 0.061752988047808766 0.005312084993359893 0.031208499335989376 0.029216467463479414 0.00398406374501992 0.08432934926958831 0.006640106241699867 0.3247011952191235 0.07569721115537849 0.06374501992031872 0.024568393094289508 0.019256308100929615 0.09163346613545817 0.011288180610889775 0.006640106241699867 0.00597609561752988 6.640106241699867E-4 0.01195219123505976 0.014608233731739707 0.02390438247011952 0.01195219123505976 0.009296148738379814 0.045816733067729085 0.014608233731739707 0.00597609561752988 0.005312084993359893 0.00796812749003984 0.00199203187250996 )
( 0.08856563664255972 0.006355467893929432 0.07711483673022135 0.036078238001314926 0.0013971071663379355 0.16989918912995836 0.010820731974578128 0.08034735919351305 0.10064650449265834 0.05722660530352838 0.015998246767477537 0.03174994521148367 0.14792899408284024 0.0034242822704361165 0.025969756738987507 0.009423624808240192 0.0011505588428665351 0.008245671707210168 0.013423186500109577 0.030188472496164805 0.02131273285119439 0.003753013368397984 0.0381328073635766 0.008601797063335526 0.0010135875520490905 0.007067718606180145 0.001588866973482358 0.0025750602673679595 )
( 0.08175559380378658 0.0034423407917383822 0.09104991394148021 0.039586919104991396 0.002753872633390706 0.14354561101549054 0.008605851979345954 0.09845094664371773 0.11669535283993115 0.05800344234079174 0.013769363166953529 0.03907056798623064 0.13803786574870913 0.007573149741824441 0.026161790017211705 0.012048192771084338 0.001549053356282272 0.008605851979345954 0.007401032702237522 0.010671256454388985 0.010671256454388985 0.0010327022375215145 0.05094664371772806 0.005335628227194493 0.002237521514629948 0.005679862306368331 0.003270223752151463 0.012048192771084338 )
( 0.08860294117647059 0.006617647058823529 0.1150735294117647 0.013602941176470588 0.005147058823529412 0.17352941176470588 0.011397058823529411 0.10551470588235294 0.10955882352941176 0.028308823529411765 0.007352941176470588 0.028676470588235293 0.11801470588235294 0.008088235294117648 0.010294117647058823 0.013602941176470588 0.004044117647058824 0.009558823529411765 0.022058823529411766 0.029411764705882353 0.02426470588235294 0.00625 0.03161764705882353 0.004411764705882353 0.008088235294117648 0.004044117647058824 0.011029411764705883 0.001838235294117647 )
( 0.05961807172799255 0.006520726595249185 0.07079646017699115 0.03586399627387052 0.004191895668374476 0.12761993479273404 0.014438751746623195 0.12203074056823475 0.14904517931998137 0.038192827200745225 0.020493712156497437 0.02328830926874709 0.08430367955286447 0.006520726595249185 0.02701443875174662 0.009315323707498836 9.315323707498836E-4 0.004657661853749418 0.020027945971122497 0.08244061481136469 0.015370284117373078 0.0032603632976245926 0.04052165812761994 0.018164881229622728 0.0018630647414997672 0.005123428039124359 0.0037261294829995344 0.004657661853749418 )
( 0.08668039821489873 0.010985238585650533 0.014189266506465271 0.001773658313308159 1.7164435290078958E-4 0.1596292481977343 0.0010298661174047373 0.14915894267078614 0.004577182744021055 0.03198306442384712 0.001201510470305527 0.01218674905595606 0.2918526147156425 9.15436548804211E-4 0.004405538391120265 5.149330587023687E-4 1.7164435290078958E-4 0.005721478430026319 0.02746309646412633 0.007323492390433688 0.004920471449822634 1.1442956860052638E-4 0.18148529580043482 6.29362627302895E-4 5.149330587023687E-4 2.2885913720105275E-4 5.721478430026319E-5 1.1442956860052638E-4 )
( 0.11013538236370289 0.00804976216611782 0.08744968898646176 0.04171240395170143 0.00402488108305891 0.12550311013538237 0.015367727771679473 0.1456275155506769 0.06769118185144529 0.040980607391145264 0.009147457006952067 0.03512623490669594 0.0991584339553604 0.009879253567508232 0.011342846688620564 0.009147457006952067 0.004756677643615075 0.01756311745334797 0.021587998536406878 0.022685693377241127 0.021953896816684963 0.010245151847786316 0.045737285034760336 0.007317965605561654 0.006952067325283571 0.012074643249176729 0.0062202707647274055 0.002561287961946579 )
( 4.479483963447411E-5 4.479483963447411E-5 4.479483963447411E-5 4.479483963447411E-5 4.479483963447411E-5 4.479483963447411E-5 4.479483963447411E-5 0.9987905393298692 4.479483963447411E-5 4.479483963447411E-5 4.479483963447411E-5 4.479483963447411E-5 4.479483963447411E-5 4.479483963447411E-5 4.479483963447411E-5 4.479483963447411E-5 4.479483963447411E-5 4.479483963447411E-5 4.479483963447411E-5 4.479483963447411E-5 4.479483963447411E-5 4.479483963447411E-5 4.479483963447411E-5 4.479483963447411E-5 4.479483963447411E-5 4.479483963447411E-5 4.479483963447411E-5 4.479483963447411E-5 )
( 0.05714285714285714 0.02857142857142857 0.02857142857142857 0.05714285714285714 0.02857142857142857 0.02857142857142857 0.02857142857142857 0.17142857142857143 0.02857142857142857 0.02857142857142857 0.02857142857142857 0.02857142857142857 0.02857142857142857 0.02857142857142857 0.02857142857142857 0.02857142857142857 0.02857142857142857 0.02857142857142857 0.02857142857142857 0.02857142857142857 0.02857142857142857 0.02857142857142857 0.02857142857142857 0.02857142857142857 0.02857142857142857 0.02857142857142857 0.02857142857142857 0.02857142857142857 )
( 0.06896551724137931 0.034482758620689655 0.034482758620689655 0.034482758620689655 0.034482758620689655 0.034482758620689655 0.034482758620689655 0.034482758620689655 0.034482758620689655 0.034482758620689655 0.034482758620689655 0.034482758620689655 0.034482758620689655 0.034482758620689655 0.034482758620689655 0.034482758620689655 0.034482758620689655 0.034482758620689655 0.034482758620689655 0.034482758620689655 0.034482758620689655 0.034482758620689655 0.034482758620689655 0.034482758620689655 0.034482758620689655 0.034482758620689655 0.034482758620689655 0.034482758620689655 )
( 0.011363636363636364 0.011363636363636364 0.19318181818181818 0.011363636363636364 0.011363636363636364 0.045454545454545456 0.011363636363636364 0.125 0.1590909090909091 0.011363636363636364 0.011363636363636364 0.011363636363636364 0.125 0.011363636363636364 0.011363636363636364 0.011363636363636364 0.011363636363636364 0.022727272727272728 0.011363636363636364 0.045454545454545456 0.011363636363636364 0.011363636363636364 0.045454545454545456 0.011363636363636364 0.022727272727272728 0.011363636363636364 0.011363636363636364 0.011363636363636364 ));
}

potential (GR_HORA | mcd status2)
{
 data = ((( 0.3969335604770017 0.262350936967632 0.20272572402044292 0.13798977853492334 )
( 0.46645253390435404 0.24173209612181776 0.23602188912681418 0.055793480847014035 )
( 0.5220682576340775 0.34167308185783934 0.13138311521683346 0.004875545291249679 )
( 0.5423596984563839 0.2515854971879861 0.20296358342307846 0.0030912209325515538 )
( 0.4894346087949743 0.33238149628783553 0.16133637921187893 0.01684751570531125 )
( 0.46638655462184875 0.3760504201680672 0.1407563025210084 0.01680672268907563 )
( 0.2961724266072092 0.44017094017094016 0.16220735785953178 0.10144927536231885 )
( 0.42083578575632724 0.29576221306650974 0.25809299587992934 0.025309005297233667 )
( 0.46449704142011833 0.1841715976331361 0.3173076923076923 0.034023668639053255 )
( 0.5657620041753654 0.25260960334029225 0.17884481558803061 0.0027835768963117608 )
( 0.534910394265233 0.37806451612903225 0.08315412186379928 0.003870967741935484 )
( 0.542648709315376 0.2828282828282828 0.1734006734006734 0.001122334455667789 )
( 0.5628282828282828 0.21414141414141413 0.2222222222222222 8.080808080808081E-4 )
( 0.4196486325648788 0.2615591606509871 0.31012445341405986 0.008667753370074258 )
( 0.5648616821271408 0.1860628473441729 0.24723674152428568 0.0018387290044005536 )
( 0.3881669821455978 0.33327364813014787 0.2587225661226787 0.01983680360157569 )
( 0.40202036145529163 0.2772867177018388 0.316293110251756 0.004399810591113567 )
( 0.42395132885046427 0.27425552353506244 0.2869036183157221 0.014889529298751201 )
( 0.5587834770767136 0.23558783477076714 0.20335905583295505 0.0022696323195642307 )
( 0.546470999301188 0.2431865828092243 0.20894479385045422 0.001397624039133473 )
( 0.5096097191436828 0.02828203473527679 0.34718442243483627 0.11492382368620409 )
( 0.5160895417978314 0.20514165792235048 0.27422175585869185 0.004547044421126268 )
( 0.5602251407129456 0.2671669793621013 0.16960600375234522 0.00300187617260788 )
( 0.5512572533849129 0.24226305609284332 0.20502901353965183 0.0014506769825918763 )
( 0.4661378522925305 0.24421609278288564 0.2061775133705907 0.08346854155399315 )
( 0.5086989409984871 0.3502269288956127 0.13577912254160363 0.00529500756429652 )
( 0.4738022609007716 0.3537591961241701 0.17077875471020995 0.001659788264848376 )
( 0.4 0.2 0.3 0.1 )
( 0.4 0.2 0.2 0.2 )
( 0.59375 0.359375 0.03125 0.015625 ))
(( 0.5405405405405406 0.13513513513513514 0.16216216216216217 0.16216216216216217 )
( 0.39285714285714285 0.26785714285714285 0.24404761904761904 0.09523809523809523 )
( 0.5510204081632653 0.2816326530612245 0.15918367346938775 0.00816326530612245 )
( 0.5757575757575758 0.17384370015948963 0.24082934609250398 0.009569377990430622 )
( 0.41687979539641945 0.2608695652173913 0.29411764705882354 0.028132992327365727 )
( 0.47058823529411764 0.23529411764705882 0.23529411764705882 0.058823529411764705 )
( 0.24761904761904763 0.34285714285714286 0.17142857142857143 0.23809523809523808 )
( 0.25 0.16304347826086957 0.5652173913043478 0.021739130434782608 )
( 0.6060606060606061 0.15151515151515152 0.21212121212121213 0.030303030303030304 )
( 0.5390625 0.1796875 0.2734375 0.0078125 )
( 0.6320224719101124 0.27247191011235955 0.0898876404494382 0.0056179775280898875 )
( 0.5662650602409639 0.21686746987951808 0.20481927710843373 0.012048192771084338 )
( 0.6292134831460674 0.14606741573033707 0.21348314606741572 0.011235955056179775 )
( 0.4062126642771804 0.17921146953405018 0.3655913978494624 0.04898446833930705 )
( 0.5221327967806841 0.14084507042253522 0.33098591549295775 0.006036217303822937 )
( 0.30312767780634103 0.18658954584404455 0.39974293059125965 0.11053984575835475 )
( 0.4664701547531319 0.1798084008843036 0.3367722918201916 0.01694915254237288 )
( 0.375609756097561 0.2 0.375609756097561 0.04878048780487805 )
( 0.577639751552795 0.18633540372670807 0.22981366459627328 0.006211180124223602 )
