net
{
     node_size = (179 50);
     name = "null";
}

node SEXO
{
     label = "SEXO";
     position = (211 112);
     states = ("F" "M" "X");
}

node IDADE
{
     label = "IDADE";
     position = (106 154);
     states = ("1.0" "2.0" "3.0");
}

node LIMCONC
{
     label = "LIMCONC";
     position = (18 265);
     states = ("1.0" "2.0" "3.0" "4.0");
}

node VLTRAN
{
     label = "VLTRAN";
     position = (316 79);
     states = ("1.0" "2.0" "3.0" "4.0" "5.0");
}

node LOCALIDADE
{
     label = "LOCALIDADE";
     position = (330 542);
     states = ("N" "S");
}

node HORARIO
{
     label = "HORARIO";
     position = (109 465);
     states = ("1.0" "2.0" "3.0" "4.0");
}

node MCC
{
     label = "MCC";
     position = (567 237);
     states = ("1.0" "3.0" "4.0" "5.0" "6.0" "7.0" "8.0" "9.0" "10.0" "11.0" "12.0" "13.0" "14.0");
}

node DOMESTICO
{
     label = "DOMESTICO";
     position = (570 477);
     states = ("N" "S");
}

node QTDTOT
{
     label = "QTDTOT";
     position = (471 69);
     states = ("1.0" "2.0" "3.0");
}

node QTDTOTMCC
{
     label = "QTDTOTMCC";
     position = (25 389);
     states = ("1.0" "2.0" "3.0" "4.0" "5.0" "6.0" "7.0" "8.0" "9.0" "10.0" "11.0" "12.0");
}

node MODALIDADE
{
     label = "MODALIDADE";
     position = (698 304);
     states = ("1.0" "4.0" "5.0" "3.0" "2.0");
}

node LIMDISP
{
     label = "LIMDISP";
     position = (674 102);
     states = ("1.0" "2.0" "3.0" "4.0");
}

node ENTRYMODE
{
     label = "ENTRYMODE";
     position = (844 326);
     states = ("1.0" "2.0" "3.0");
}

node DIF30MIN
{
     label = "DIF30MIN";
     position = (746 530);
     states = ("N" "S");
}

node VLTOT
{
     label = "VLTOT";
     position = (801 192);
     states = ("1.0" "2.0" "4.0" "3.0");
}

node APROVADA
{
     label = "APROVADA";
     position = (819 451);
     states = ("N" "S");
}

node FRAUDE
{
     label = "FRAUDE";
     position = (370 237);
     states = ("N" "S");
}

potential (SEXO)
{
 data = ( 0.4501917130488559 0.5123122380265237 0.03749604892462036 );
}

potential (IDADE | SEXO)
{
 data = (( 0.21538771498171472 0.4818643043353501 0.3027479806829352 )
( 0.2186497419444832 0.48136206101054757 0.29998819704496926 )
( 0.2967604807974201 0.4025212547639988 0.3007182644385811 ));
}

potential (LIMCONC | IDADE SEXO)
{
 data = ((( 0.18397483135876652 0.3426676492262343 0.27283033841618953 0.2005271809988096 )
( 0.1272789469016458 0.3280796665357473 0.3204272193997137 0.22421416716289325 )
( 0.10727753019701157 0.32070335343106615 0.3239297453166906 0.24808937105523182 ))
(( 0.19959271799401346 0.33985965945335883 0.27660827322243486 0.18393934933019285 )
( 0.11447072197579297 0.31840269264204357 0.3266277333214453 0.2404988520607182 )
( 0.08038412704089844 0.2807453638298253 0.3353421913839661 0.3035283177453102 ))
(( 0.033070088845014806 0.23790720631786771 0.3121915103652517 0.41683119447186573 )
( 0.033121019108280254 0.24968152866242038 0.3725204731574158 0.34467697907188355 )
( 0.023136872868972237 0.24792985874330248 0.3490014612761812 0.37993180711154406 )));
}

potential (VLTRAN | LIMCONC SEXO)
{
 data = ((( 0.5122375223020266 0.24090763529896153 0.18623907772542203 0.0489500892081065 0.011665675465483324 )
( 0.4520420849492494 0.22784880592306694 0.21064741793620456 0.08433690226568444 0.02512478892579466 )
( 0.4407939901535806 0.21742541631524234 0.20626483337583115 0.09565933742620089 0.03985642272914501 ))
(( 0.4082854599886722 0.2204870944251153 0.21172155244491195 0.10356824985840278 0.055937643282897756 )
( 0.5069641531677074 0.2269135047810331 0.19163428371829022 0.057634371043094795 0.016853687289874693 )
( 0.4458380647603316 0.21723271738756403 0.21074636110250847 0.09588451877086127 0.03029833797873438 ))
(( 0.4327125642538131 0.20989298053425465 0.20581444341451083 0.10413752422684756 0.04744248757057386 )
( 0.38672341534385796 0.2126772491368266 0.21276410935701726 0.11663156066100629 0.07120366550129206 )
( 0.7839805825242719 0.15776699029126215 0.05097087378640778 0.0 0.0072815533980582535 ))
(( 0.6436233611442194 0.19427890345649582 0.11859356376638856 0.0366507747318236 0.0068533969010727055 )
( 0.607752264588161 0.19106804297451024 0.13882452074994736 0.04845165367600591 0.013903518011375607 )
( 0.5105928085519923 0.20602526724975706 0.17920310981535473 0.0676384839650146 0.03654033041788145 )));
}

potential (LOCALIDADE | IDADE LIMCONC SEXO)
{
 data = (((( 0.8872458410351202 0.11275415896487985 )
( 0.8212401711953817 0.1787598288046183 )
( 0.8293553843262544 0.17064461567374553 ))
(( 0.8938053097345132 0.10619469026548672 )
( 0.8328699413036762 0.16713005869632375 )
( 0.8635649166928638 0.1364350833071361 ))
(( 0.9357016723797652 0.06429832762023475 )
( 0.8728847066266013 0.1271152933733987 )
( 0.8967320261437909 0.10326797385620914 ))
(( 0.929055963821368 0.070944036178632 )
( 0.87433608317324 0.1256639168267601 )
( 0.8872724317295189 0.11272756827048114 )))
((( 0.8640609636184857 0.13593903638151425 )
( 0.8296339563862928 0.17036604361370716 )
( 0.8563167259786477 0.1436832740213523 ))
(( 0.8940301739695373 0.10596982603046272 )
( 0.8387469373468673 0.16125306265313266 )
( 0.8689171974522293 0.1310828025477707 ))
(( 0.9299334811529933 0.07006651884700665 )
( 0.8748464583048997 0.12515354169510032 )
( 0.889084413160561 0.11091558683943903 ))
(( 0.9258468925046679 0.07415310749533209 )
( 0.8821130676552363 0.11788693234476368 )
( 0.8960174384352539 0.10398256156474608 )))
((( 0.9555555555555556 0.044444444444444446 )
( 0.9726775956284153 0.0273224043715847 )
( 1.0 0.0 ))
(( 0.9658031088082901 0.03419689119170984 )
( 0.9497450837581938 0.050254916241806266 )
( 0.9803729146221786 0.019627085377821395 ))
(( 0.9589257503949447 0.04107424960505529 )
( 0.92138671875 0.07861328125 )
( 0.9616457461645747 0.038354253835425386 ))
(( 0.9414201183431953 0.058579881656804736 )
( 0.9424802110817943 0.057519788918205805 )
( 0.9481101857783472 0.051889814221652786 ))));
}

potential (HORARIO | VLTRAN LOCALIDADE SEXO)
{
 data = (((( 0.4637456255641241 0.2580323351965923 0.1632436540989058 0.11497838514037782 )
( 0.5137229477323948 0.25136612021857924 0.13735296841715292 0.09755796363187305 )
( 0.5302744886975242 0.2459970398277718 0.12446178686759957 0.09926668460710442 ))
(( 0.5718895097190525 0.22916502715038956 0.10254190603604313 0.09640355709451484 )
( 0.5861382194781917 0.2139016132244573 0.10137422824138619 0.09858593905596497 )
( 0.530632608261824 0.24665735382159248 0.12073438435442027 0.10197565356216325 )))
((( 0.6086464463558171 0.2383431416930738 0.08035310095065641 0.0726573110004527 )
( 0.6297662976629766 0.21943419434194342 0.07183271832718327 0.07896678966789668 )
( 0.6764886433394721 0.18477593615715163 0.0570902394106814 0.0816451810926949 ))
(( 0.7005730659025788 0.17335243553008595 0.0673352435530086 0.05873925501432665 )
( 0.43060909791827295 0.2480796139238699 0.1860704189154459 0.13524086924241127 )
( 0.4849577464788733 0.23667605633802818 0.1594647887323944 0.11890140845070424 )))
((( 0.4985072005619951 0.23521835850602973 0.1485189087928814 0.11775553213909379 )
( 0.5293294389679932 0.21911889984179142 0.13514664719483996 0.11640501399537544 )
( 0.5397985929093668 0.21547799696509864 0.1284315077941785 0.11629190233135604 ))
(( 0.4897940586841626 0.2351922726444323 0.14616365955895755 0.1288500091124476 )
( 0.5792349726775956 0.21770491803278688 0.09967213114754099 0.10338797814207651 )
( 0.6002673796791443 0.20610516934046347 0.08467023172905526 0.1089572192513369 )))
((( 0.6477893691008445 0.17386984600099353 0.07004470938897168 0.10829607550919026 )
( 0.6224899598393574 0.20582329317269077 0.0823293172690763 0.0893574297188755 )
( 0.497029702970297 0.24475247524752475 0.15141914191419142 0.1067986798679868 ))
(( 0.5926213592233011 0.23417475728155343 0.10951456310679614 0.06368932038834953 )
( 0.6398305084745762 0.2044491525423729 0.08845338983050847 0.06726694915254237 )
( 0.6794117647058824 0.17941176470588235 0.057352941176470586 0.0838235294117647 )))
((( 0.6893939393939394 0.14393939393939395 0.07196969696969698 0.0946969696969697 )
( 0.6037735849056604 0.21462264150943397 0.09433962264150944 0.08726415094339622 )
( 0.7345132743362832 0.1504424778761062 0.05309734513274336 0.061946902654867256 ))
(( 0.6724137931034483 0.20689655172413793 0.06896551724137931 0.05172413793103448 )
( 0.76 0.16000000000000003 0.0 0.08000000000000002 )
( 0.5555555555555556 0.4444444444444445 0.0 0.0 ))));
}

potential (MCC | VLTRAN HORARIO LOCALIDADE)
{
 data = (((( 0.12331540651692505 0.009411578614362546 0.12344194875039548 0.011705156596013922 0.07564062005694402 0.014631445745017404 0.033944954128440376 0.0999050933248972 0.0816039228092376 0.022255615311610254 0.055188231572287264 0.08611198987662133 0.26284403669724776 )
( 0.1296620705244123 0.0034471066907775768 0.14774525316455697 0.030063291139240507 0.040206826401446655 0.015964059674502713 0.041054475587703435 0.06589059674502712 0.08363471971066908 0.02961121157323689 0.05419303797468354 0.04385171790235081 0.3146756329113924 ))
(( 0.11707288389733338 0.0031458559962367332 0.13512480522153295 0.06865022197395114 0.017463910857613264 0.017228706670978745 0.06235850998147767 0.04224855202422603 0.07720577426278188 0.03339899450210214 0.06597477435098345 0.024784641166612765 0.33534236909416987 )
( 0.07945005475118627 0.0026158900109502373 0.1161941842073245 0.09289451271444214 0.013079450054751186 0.017824552865312083 0.07726000730015817 0.015391166808614187 0.06557975422800827 0.03230319990266456 0.08042340917386544 0.010159386786713713 0.39682443119600924 ))
(( 0.055051078320090804 0.0029795686719636776 0.09477866061293984 0.0927922814982974 0.01177639046538025 0.012202043132803632 0.08740068104426787 0.012911464245175936 0.06001702610669694 0.03504540295119183 0.09052213393870602 0.009080590238365494 0.4354426787741203 )
( 0.14963133899926834 0.009033601620982722 0.12255867619744472 0.006106827264028818 0.08268137558394778 0.006303821691900716 0.026397253334834246 0.11690212191140881 0.08099285191647437 0.01879889683120392 0.04936117521247257 0.08842235605335737 0.24280970338267577 ))
(( 0.1708923471469371 9.908492160634144E-4 0.16249927143439996 0.017019292417089233 0.04377222125080142 0.007110800256455091 0.03421344057818966 0.07209885178061433 0.08754444250160284 0.026694643585708458 0.04377222125080142 0.03584542752229411 0.29754619105904295 )
( 0.155350905049222 0.001143220069863449 0.16309939663385203 0.03804382343601144 0.017275325500158784 0.009717370593839316 0.05366783105747857 0.043251825976500485 0.07456335344553829 0.03766275007939029 0.055509685614480796 0.01981581454429978 0.33089869799936494 )))
((( 0.10413844996237773 6.019563581640331E-4 0.13905191873589165 0.052219714070729874 0.008878856282919489 0.00782543265613243 0.08171557562076749 0.01218961625282167 0.06139954853273138 0.036418359668924004 0.06952595936794582 0.006621519939804364 0.41941309255079007 )
( 0.080849478390462 0.004470938897168405 0.09575260804769002 0.05886736214605067 0.00819672131147541 0.00894187779433681 0.10581222056631892 0.013785394932935917 0.05216095380029806 0.03390461997019374 0.07451564828614009 0.00856929955290611 0.45417287630402386 ))
(( 0.12270389419544453 0.009021144583231284 0.08372112009143604 0.004041146216017634 0.09282390399216263 0.0010613111274389746 0.01522573271287452 0.11245815984978366 0.05833129235039595 0.010817209568128011 0.07261817291207445 0.1777287941872806 0.23944811821373174 )
( 0.16535281676600655 0.007210151893866564 0.12728321476639107 0.010767160161507403 0.05220149971159392 0.0010574889444337628 0.019515477792732168 0.06287252451451644 0.070082676408383 0.014131897711978465 0.045183618534897135 0.13680061526629494 0.28754085752739855 ))
(( 0.17104234163780582 0.008378952072394147 0.13417495251927158 0.025695453022008714 0.017428220310579823 4.468774438610211E-4 0.03128142107027148 0.03262205340185454 0.05943470003351581 0.0222321528320858 0.05988157747737683 0.09619036979108479 0.3411909283878896 )
( 0.12034704729918835 0.00559753708368318 0.10887209627763784 0.03218583823117828 0.0061572907920514975 0.001119507416736636 0.0531766022949902 0.008396305625524769 0.03806325216904562 0.023509655751469353 0.10411418975650713 0.051777218024069406 0.4466834592779177 ))
(( 0.08849557522123895 0.004765146358066713 0.07079646017699116 0.025867937372362156 0.010211027910142957 0.0013614703880190607 0.09257998638529613 0.004765146358066713 0.029952348536419336 0.01974132062627638 0.12117086453369641 0.040163376446562295 0.49012933968686184 )
( 0.13297629899726526 0.013160893345487694 0.047288058340929806 0.010995897903372834 0.12682315405651778 0.010768003646308113 0.013445761166818596 0.10517319963536918 0.03332953509571559 0.007976298997265268 0.06927985414767548 0.0680264357338195 0.3607566089334549 )))
((( 0.12031767041694243 0.0035737921906022502 0.05731303772336201 0.027399073461283917 0.07690271343481138 0.01098610191925877 0.014956982131039047 0.05771012574454004 0.04050297816015883 0.010324288550628722 0.04963600264725347 0.039973527465254795 0.49040370615486434 )
( 0.08986077907467305 0.003093798340599072 0.04936014625228519 0.06679791871747996 0.027984812262691606 0.008859513429897343 0.01659400928139502 0.02629728589509211 0.03164111939249051 0.010547039797496835 0.0712979890310786 0.024187877935592742 0.5734777105892279 ))
(( 0.02995319812792512 0.00218408736349454 0.033073322932917315 0.07457098283931357 0.018408736349453978 0.006864274570982839 0.01341653666146646 0.008424336973478939 0.02215288611544462 0.009672386895475818 0.08580343213728549 0.013104524180967239 0.682371294851794 )
( 0.02112163146394756 0.003641660597232338 0.03058994901675164 0.055353241077931534 0.010924981791697014 0.00873998543335761 0.011653313911143482 0.00873998543335761 0.012381646030589949 0.023306627822286964 0.11580480699198835 0.01529497450837582 0.6824471959213402 ))
(( 0.11278401313988502 0.012683639018158591 0.10265535176567205 0.007299936125558902 0.09088420476320833 0.012683639018158591 0.010949904188338352 0.08686923989415092 0.07090062961949083 0.017976092709188794 0.049457067250661554 0.06058946984213888 0.3642668126653892 )
( 0.11395434462444771 0.002025036818851252 0.13052282768777615 0.02411634756995582 0.03240058910162003 0.012150220913107511 0.015463917525773196 0.04804860088365243 0.059278350515463915 0.025036818851251842 0.034425625920471284 0.018225331369661268 0.4843519882179676 ))
(( 0.10071134406589292 0.001497566454511419 0.11437663796330962 0.07094721078247847 0.007487832272557095 0.014414077124672407 0.030138524897042305 0.024335454885810556 0.05896667914638712 0.027330587794833397 0.03051291651067016 0.008611007113440658 0.5106701609883939 )
( 0.05010266940451746 0.0012320328542094457 0.08049281314168377 0.10718685831622177 0.010677618069815195 0.014373716632443531 0.04763860369609856 0.003696098562628337 0.042299794661190965 0.024640657084188913 0.027104722792607804 0.004928131416837783 0.5856262833675565 )))
((( 0.03723404255319149 0.0 0.05673758865248227 0.13031914893617022 0.009751773049645389 0.016843971631205674 0.05673758865248227 0.008865248226950355 0.03280141843971631 0.02127659574468085 0.03191489361702128 0.009751773049645389 0.5877659574468085 )
( 0.13872720217306947 0.014745828482731859 0.10322079937912301 0.00446255335661622 0.1030267753201397 0.002522312766783081 0.005238649592549476 0.11233993015133877 0.0653861078773768 0.015521924718665115 0.05587892898719441 0.05626697710516104 0.32266201008925105 ))
(( 0.17734939759036147 0.0 0.14216867469879518 0.011566265060240964 0.03951807228915663 0.0024096385542168672 0.012048192771084338 0.06024096385542169 0.06843373493975904 0.021204819277108433 0.02313253012048193 0.011566265060240964 0.4303614457831325 )
( 0.15667206915180984 0.0010804970286331713 0.14154511075094545 0.03511615343057806 0.005942733657482442 0.0037817396002160996 0.03079416531604538 0.01242571582928147 0.050243111831442464 0.030253916801728797 0.017828200972447326 0.0037817396002160996 0.5105348460291734 ))
(( 0.10407239819004525 0.0 0.08295625942684766 0.04374057315233786 0.010558069381598792 0.012066365007541479 0.05128205128205128 0.0 0.048265460030165915 0.013574660633484163 0.01809954751131222 0.004524886877828055 0.6108597285067874 )
( 0.08163265306122448 0.0 0.05830903790087462 0.10787172011661805 0.008746355685131194 0.014577259475218655 0.08163265306122448 0.011661807580174925 0.0379008746355685 0.017492711370262388 0.04373177842565597 0.005830903790087463 0.5306122448979591 ))
(( 0.09710094306671324 0.008732099196646874 0.07369891721969962 0.0038421236465246244 0.10827803003842124 0.0 0.002794271742927 0.10164163464896961 0.03318197694725812 0.0013971358714635 0.10862731400628711 0.173244848061474 0.2874607055536151 )
( 0.18280871670702178 0.003631961259079903 0.11380145278450363 0.00847457627118644 0.048426150121065374 0.0 0.00847457627118644 0.03147699757869249 0.03026634382566586 0.009685230024213074 0.021791767554479417 0.11622276029055689 0.42493946731234866 )))
((( 0.23657474600870831 0.020319303338171266 0.13062409288824384 0.014513788098693761 0.0058055152394775045 0.0 0.013062409288824385 0.024673439767779394 0.03338171262699565 0.011611030478955009 0.04063860667634253 0.06531204644412192 0.4034833091436866 )
( 0.12863070539419086 0.0 0.11203319502074689 0.024896265560165973 0.0 0.0 0.03319502074688797 0.0 0.02074688796680498 0.012448132780082987 0.02904564315352697 0.04149377593360996 0.5975103734439834 ))
(( 0.16176470588235295 0.0 0.11029411764705883 0.029411764705882356 0.0 0.0 0.05147058823529413 0.0 0.03676470588235294 0.029411764705882356 0.05147058823529413 0.0661764705882353 0.46323529411764713 )
( 0.11196133709222715 0.014095851792186871 0.022956101490132903 0.004832863471606927 0.13934756343133306 0.005235602094240838 0.002013693113169553 0.0801449859041482 0.009665726943213854 0.003221908981071285 0.08981071284736206 0.05034232782923882 0.46637132501006845 ))
(( 0.10864197530864196 0.0 0.02345679012345679 0.014814814814814814 0.04938271604938271 0.0049382716049382715 0.0024691358024691358 0.019753086419753086 0.006172839506172839 0.008641975308641974 0.024691358024691357 0.014814814814814814 0.7222222222222222 )
( 0.0387409200968523 0.004842615012106538 0.021791767554479417 0.05205811138014528 0.010895883777239709 0.0036319612590799033 0.0036319612590799033 0.009685230024213076 0.009685230024213076 0.006053268765133172 0.012106537530266344 0.006053268765133172 0.8208232445520581 ))
(( 0.011111111111111112 0.0 0.013888888888888888 0.08055555555555556 0.011111111111111112 0.005555555555555556 0.005555555555555556 0.008333333333333333 0.005555555555555556 0.0 0.008333333333333333 0.0 0.85 )
( 0.014814814814814815 0.0 0.0 0.10370370370370371 0.022222222222222223 0.014814814814814815 0.0 0.014814814814814815 0.0 0.0 0.044444444444444446 0.0 0.7851851851851852 ))));
}

potential (DOMESTICO | LOCALIDADE MCC LIMCONC)
{
 data = (((( 0.35890321527664437 0.6410967847233556 )
( 0.0 1.0 )
( 0.01 0.99 )
( 0.0 1.0 ))
(( 0.3740425531914894 0.6259574468085106 )
( 0.0 1.0 )
( 0.10014306151645208 0.899856938483548 )
( 0.0 1.0 ))
(( 0.0031023784901758012 0.9968976215098242 )
( 0.0 1.0 )
( 0.0 1.0 )
( 0.0 1.0 ))
(( 0.4300822561692127 0.5699177438307873 )
( 0.0 1.0 )
( 0.33179886685552407 0.6682011331444759 )
( 0.0 1.0 ))
(( 0.29916897506925205 0.7008310249307479 )
( 0.0 1.0 )
( 0.006726457399103139 0.9932735426008968 )
( 0.0 1.0 ))
(( 0.5220293724966623 0.4779706275033378 )
( 0.0 1.0 )
( 0.3317204301075269 0.6682795698924732 )
( 0.0 1.0 ))
(( 0.3108910891089109 0.689108910891089 )
( 0.0 1.0 )
( 0.403721432983323 0.5962785670166769 )
( 0.0 1.0 ))
(( 0.008319467554076539 0.9916805324459235 )
( 0.0 1.0 )
( 0.4198435570193495 0.5801564429806505 )
( 0.0 1.0 ))
(( 0.09348230912476722 0.9065176908752328 )
( 0.0 1.0 )
( 0.06826078070713264 0.9317392192928674 )
( 0.0 1.0 ))
(( 0.0017050298380221654 0.9982949701619779 )
( 0.0 1.0 )
( 0.5110748426206575 0.4889251573793425 )
( 0.0 1.0 ))
(( 0.39777355416779797 0.602226445832202 )
( 0.0 1.0 )
( 0.3666620053139421 0.6333379946860579 )
( 0.0 1.0 ))
(( 0.059383499546690845 0.9406165004533091 )
( 0.0 1.0 )
( 0.5658687031869585 0.4341312968130416 )
( 0.0 1.0 ))
(( 0.40038650737877723 0.5996134926212228 )
( 0.0 1.0 )
( 0.38445364765848994 0.61554635234151 )
( 0.0 1.0 )))
((( 0.3755984555984556 0.6244015444015444 )
( 0.0 1.0 )
( 0.030405405405405407 0.9695945945945946 )
( 0.0 1.0 ))
(( 0.4115942028985507 0.5884057971014492 )
( 0.0 1.0 )
( 0.09563812600969306 0.904361873990307 )
( 0.0 1.0 ))
(( 0.08772903942254304 0.9122709605774569 )
( 0.0 1.0 )
( 0.003036437246963563 0.9969635627530364 )
( 0.0 1.0 ))
(( 0.5013829519738496 0.49861704802615037 )
( 0.0 1.0 )
( 0.3488278092158448 0.6511721907841552 )
( 0.0 1.0 ))
(( 0.3376940770557792 0.6623059229442209 )
( 0.0 1.0 )
( 0.08695652173913043 0.9130434782608695 )
( 0.0 1.0 ))
(( 0.5242937853107345 0.47570621468926555 )
( 0.0 1.0 )
( 0.3988472622478386 0.6011527377521614 )
( 0.0 1.0 ))
(( 0.4034732358285425 0.5965267641714576 )
( 0.0 1.0 )
( 0.2579308712121212 0.7420691287878788 )
( 0.0 1.0 ))
(( 0.08440366972477065 0.9155963302752294 )
( 0.0 1.0 )
( 0.2913440425286028 0.7086559574713972 )
( 0.0 1.0 ))
(( 0.10942343459392437 0.8905765654060757 )
( 0.0 1.0 )
( 0.15660717866452778 0.8433928213354722 )
( 0.0 1.0 ))
(( 0.018156424581005588 0.9818435754189944 )
( 0.0 1.0 )
( 0.39865665744764917 0.6013433425523509 )
( 0.0 1.0 ))
(( 0.2322075939706163 0.7677924060293837 )
( 0.0 1.0 )
( 0.3545706371191136 0.6454293628808865 )
( 0.0 1.0 ))
(( 0.16177861873226113 0.8382213812677389 )
( 0.0 1.0 )
( 0.39497180451127817 0.6050281954887218 )
( 0.0 1.0 ))
(( 0.34220110847189233 0.6577988915281077 )
( 0.0 1.0 )
( 0.40584672109560177 0.5941532789043982 )
( 0.0 1.0 ))));
}

potential (QTDTOT | VLTRAN MCC HORARIO)
{
 data = (((( 0.41680504815675856 0.39023580205911657 0.19295914978412487 )
( 0.523900940679593 0.3620656555960837 0.11403340372432329 )
( 0.6668878566688786 0.2583499225834992 0.0747622207476222 )
( 0.7767669699090273 0.17634709587123862 0.04688593421973408 ))
(( 0.8167053364269141 0.14617169373549885 0.037122969837587005 )
( 0.7591836734693878 0.2217687074829932 0.01904761904761905 )
( 0.9104477611940299 0.05970149253731344 0.02985074626865672 )
( 0.9391304347826087 0.060869565217391314 0.0 ))
(( 0.8936170212765958 0.04255319148936171 0.06382978723404256 )
( 0.9090909090909091 0.0 0.0909090909090909 )
( 0.4213885778275476 0.39988801791713324 0.17872340425531916 )
( 0.5216366391648426 0.3628556996127294 0.11550766122242802 ))
(( 0.6395929339477726 0.28513824884792627 0.07526881720430108 )
( 0.7351684859990508 0.201233981964879 0.06359753203607024 )
( 0.6821282401091405 0.24556616643929058 0.0723055934515689 )
( 0.7624847746650426 0.20341047503045068 0.0341047503045067 ))
(( 0.8085284280936454 0.16387959866220736 0.027591973244147156 )
( 0.8014732965009208 0.16243093922651933 0.03609576427255985 )
( 0.8574622694242594 0.11514812744550028 0.02738960313024036 )
( 0.7880299251870324 0.16708229426433915 0.04488778054862843 ))
(( 0.45890292438138086 0.3678837169060391 0.17321335871258003 )
( 0.631875 0.295625 0.0725 )
( 0.8 0.15433070866141732 0.04566929133858268 )
( 0.8471074380165289 0.12396694214876033 0.028925619834710745 ))
(( 0.8105263157894737 0.14736842105263157 0.042105263157894736 )
( 0.6863849765258216 0.2676056338028169 0.046009389671361506 )
( 0.754746835443038 0.20727848101265822 0.0379746835443038 )
( 0.8569277108433735 0.1144578313253012 0.0286144578313253 ))
(( 0.8541033434650456 0.12462006079027356 0.02127659574468085 )
( 0.8773584905660378 0.10377358490566038 0.018867924528301886 )
( 0.643140714600794 0.290251433612704 0.06660785178650198 )
( 0.7412223667100131 0.2184655396618986 0.040312093628088436 ))
(( 0.7660972404730618 0.18878668418747266 0.04511607533946562 )
( 0.8255227108868061 0.13338139870223503 0.0410958904109589 )
( 0.7650513950073421 0.19089574155653452 0.04405286343612335 )
( 0.504471041408722 0.37254092722520293 0.12298803136607511 ))
(( 0.6746337702390132 0.2636854279105629 0.061680801850424065 )
( 0.7991071428571429 0.16454081632653061 0.03635204081632653 )
( 0.844106463878327 0.11787072243346007 0.03802281368821293 )
( 0.8529411764705882 0.12745098039215685 0.0196078431372549 ))
(( 0.4849250463196901 0.3737577901296951 0.1413171635506148 )
( 0.6018885166006701 0.31769722814498935 0.08041425525434054 )
( 0.729775662814412 0.21651937457511897 0.053704962610469066 )
( 0.8045685279187818 0.14382402707275804 0.051607445008460234 ))
(( 0.7787418655097614 0.16268980477223427 0.05856832971800434 )
( 0.6074766355140186 0.3152647975077882 0.07725856697819315 )
( 0.6919831223628692 0.26751054852320677 0.04050632911392405 )
( 0.774746687451286 0.18550272798129383 0.03975058456742011 ))
(( 0.8023648648648649 0.16385135135135134 0.033783783783783786 )
( 0.7022058823529411 0.23529411764705882 0.0625 )
( 0.5682043650793651 0.3159722222222222 0.1158234126984127 )
( 0.7507122507122507 0.20797720797720798 0.04131054131054131 )))
((( 0.8156146179401993 0.1511627906976744 0.03322259136212625 )
( 0.8243340532757379 0.13390928725701945 0.04175665946724262 )
( 0.7377777777777778 0.16592592592592592 0.0962962962962963 )
( 0.5374038304141431 0.35504992633818955 0.10754624324766737 ))
(( 0.7263922518159807 0.2330508474576271 0.04055690072639225 )
( 0.853932584269663 0.12808988764044946 0.017977528089887646 )
( 0.9222222222222223 0.05 0.027777777777777776 )
( 0.9066666666666667 0.09333333333333334 0.0 ))
(( 0.37680737506065015 0.4004366812227074 0.2227559437166424 )
( 0.4868908417459511 0.3740286150047208 0.13908054324932823 )
( 0.5880438627520339 0.3019455252918288 0.11001061195613725 )
( 0.6825157232704403 0.23672955974842766 0.08075471698113207 ))
(( 0.5861237610500938 0.30431288507902493 0.10956335387088133 )
( 0.455329023702967 0.3760981269683408 0.16857284932869218 )
( 0.5780066646470766 0.3389881853983641 0.08300514995455922 )
( 0.6993058092802338 0.2422360248447205 0.05845816587504567 ))
(( 0.8254593175853019 0.14566929133858267 0.028871391076115485 )
( 0.7439024390243902 0.2032520325203252 0.052845528455284556 )
( 0.6331658291457287 0.35929648241206036 0.007537688442211056 )
( 1.0 0.0 0.0 ))
(( 0.6666666666666666 0.14285714285714285 0.19047619047619047 )
( 0.6000000000000001 0.0 0.4 )
( 0.4285714285714286 0.28571428571428575 0.28571428571428575 )
( 0.4826104746317513 0.38031914893617025 0.1370703764320786 ))
(( 0.5885214007782101 0.32749675745784695 0.08398184176394292 )
( 0.6891557753444013 0.2557400211939244 0.05510420346167432 )
( 0.7673469387755102 0.18775510204081633 0.044897959183673466 )
( 0.7266187050359713 0.2158273381294964 0.05755395683453238 ))
(( 0.8713692946058091 0.11203319502074689 0.016597510373443983 )
( 0.8454258675078865 0.1356466876971609 0.018927444794952685 )
( 0.8842105263157896 0.09473684210526317 0.02105263157894737 )
( 0.8620689655172413 0.10610079575596817 0.03183023872679045 ))
(( 0.8520408163265306 0.11224489795918367 0.03571428571428571 )
( 0.49538904899135444 0.35014409221902015 0.15446685878962535 )
( 0.684652278177458 0.2434052757793765 0.07194244604316546 )
( 0.8380281690140846 0.1302816901408451 0.03169014084507043 ))
(( 0.9090909090909091 0.0909090909090909 0.0 )
( 0.84 0.16 0.0 )
( 0.8109243697478992 0.1638655462184874 0.025210084033613446 )
( 0.859375 0.1171875 0.0234375 ))
(( 0.906832298136646 0.07453416149068323 0.018633540372670808 )
( 0.7868852459016393 0.11475409836065574 0.09836065573770492 )
( 0.8275862068965517 0.17241379310344826 0.0 )
( 0.7298136645962734 0.23291925465838512 0.03726708074534162 ))
(( 0.7879282218597065 0.1745513866231648 0.03752039151712888 )
( 0.8073089700996677 0.16832779623477298 0.024363233665559248 )
( 0.8373702422145329 0.12110726643598617 0.041522491349480974 )
( 0.8146964856230032 0.1501597444089457 0.03514376996805112 ))
(( 0.5576679340937896 0.3428390367553866 0.09949302915082382 )
( 0.7446808510638298 0.21129860601614087 0.04402054292002935 )
( 0.8226950354609929 0.14893617021276595 0.028368794326241134 )
( 0.8433734939759037 0.12048192771084337 0.03614457831325301 )))
((( 0.9024390243902439 0.0975609756097561 0.0 )
( 0.5478855721393034 0.34888059701492535 0.10323383084577115 )
( 0.6498480243161094 0.2924012158054711 0.057750759878419454 )
( 0.7665615141955836 0.19400630914826497 0.03943217665615142 ))
(( 0.8390022675736961 0.1292517006802721 0.031746031746031744 )
( 0.7857142857142857 0.16883116883116883 0.045454545454545456 )
( 0.6488651535380507 0.2857142857142857 0.06542056074766354 )
( 0.73558648111332 0.21669980119284293 0.04771371769383698 ))
(( 0.8092307692307693 0.1553846153846154 0.03538461538461539 )
( 0.8253968253968255 0.14285714285714288 0.03174603174603175 )
( 0.8367346938775511 0.11224489795918367 0.05102040816326531 )
( 0.6441507586882036 0.2692119432207538 0.08663729809104258 ))
(( 0.8575 0.12 0.0225 )
( 0.8546255506607929 0.11343612334801761 0.031938325991189426 )
( 0.8842105263157896 0.09473684210526317 0.02105263157894737 )
( 0.7638888888888888 0.125 0.1111111111111111 ))
(( 0.6035537430818526 0.31896300611709877 0.07748325080104865 )
( 0.771875 0.178125 0.05 )
( 0.834375 0.13125 0.034375 )
( 0.9148936170212766 0.08510638297872339 0.0 ))
(( 0.8076923076923077 0.11538461538461539 0.07692307692307693 )
( 0.45044694908666927 0.37602020987174506 0.1735328410415857 )
( 0.5732622103683948 0.32522087014502415 0.10151691948658109 )
( 0.688434048083171 0.2358674463937622 0.07569850552306694 ))
(( 0.7701221421860319 0.1782023175696837 0.05167554024428437 )
( 0.7325249643366619 0.20827389443651925 0.05920114122681883 )
( 0.5062404870624049 0.37534246575342467 0.11841704718417047 )
( 0.6041666666666666 0.3189102564102564 0.07692307692307693 ))
(( 0.7315634218289085 0.2200589970501475 0.04837758112094395 )
( 0.8138528138528138 0.1471861471861472 0.03896103896103896 )
( 0.6470588235294118 0.22875816993464052 0.12418300653594772 )
( 0.8582995951417004 0.13360323886639677 0.008097165991902834 ))
(( 0.858974358974359 0.14102564102564102 0.0 )
( 0.9325842696629214 0.06741573033707865 0.0 )
( 1.0 0.0 0.0 )
( 0.75 0.25 0.0 ))
(( 0.5603181617322139 0.34246575342465757 0.0972160848431286 )
( 0.642706131078224 0.28259337561663145 0.07470049330514447 )
( 0.7538699690402477 0.20588235294117646 0.04024767801857585 )
( 0.7673860911270983 0.17985611510791366 0.05275779376498801 ))
(( 0.775 0.16666666666666666 0.058333333333333334 )
( 0.8738738738738738 0.0990990990990991 0.02702702702702703 )
( 0.9243697478991597 0.07563025210084034 0.0 )
( 0.8838174273858922 0.10373443983402492 0.012448132780082988 ))
(( 0.9098360655737705 0.05737704918032787 0.03278688524590164 )
( 0.8604651162790699 0.0930232558139535 0.04651162790697675 )
( 0.4951644100580271 0.35319148936170214 0.15164410058027078 )
( 0.7003424657534246 0.21575342465753425 0.0839041095890411 ))
(( 0.84472049689441 0.10559006211180125 0.049689440993788817 )
( 0.7826086956521738 0.21739130434782608 0.0 )
( 0.7058823529411765 0.17647058823529413 0.11764705882352941 )
( 0.8571428571428572 0.07142857142857144 0.07142857142857144 )))
((( 1.0 0.0 0.0 )
( 1.0 0.0 0.0 )
( 1.0 0.0 0.0 )
( 1.0 0.0 0.0 ))
(( 0.7827225130890053 0.18062827225130892 0.03664921465968587 )
( 0.7819905213270142 0.18009478672985782 0.037914691943127965 )
( 0.8517241379310345 0.13793103448275862 0.010344827586206896 )
( 0.864321608040201 0.12562814070351758 0.010050251256281407 ))
(( 0.8402777777777778 0.1388888888888889 0.020833333333333332 )
( 0.6137184115523466 0.31309484739087634 0.07318674105677717 )
( 0.775330396475771 0.18355359765051396 0.041116005873715125 )
( 0.8483870967741935 0.11612903225806452 0.035483870967741936 ))
(( 0.8709677419354839 0.12903225806451613 0.0 )
( 0.6250000000000001 0.375 0.0 )
( 0.5967213114754099 0.31868852459016395 0.08459016393442623 )
( 0.6980132450331126 0.2423841059602649 0.059602649006622516 ))
(( 0.7859712230215827 0.17446043165467626 0.039568345323741004 )
( 0.8802816901408451 0.09154929577464789 0.028169014084507043 )
( 0.8979591836734694 0.10204081632653061 0.0 )
( 0.8074074074074075 0.17407407407407408 0.018518518518518517 ))
(( 0.8910256410256411 0.08974358974358974 0.019230769230769232 )
( 0.8269230769230769 0.15384615384615385 0.019230769230769232 )
( 0.7613636363636364 0.20454545454545456 0.03409090909090909 )
( 0.7941176470588235 0.14705882352941177 0.058823529411764705 ))
(( 0.6207556193208991 0.28359636537541844 0.09564801530368244 )
( 0.8650306748466258 0.11860940695296524 0.016359918200409 )
( 0.8601769911504424 0.11858407079646018 0.021238938053097345 )
( 0.7710526315789473 0.18157894736842106 0.04736842105263158 ))
(( 0.6559139784946236 0.24193548387096775 0.10215053763440861 )
( 0.5565862708719852 0.3417851989280561 0.10162853019995877 )
( 0.7164473684210527 0.2368421052631579 0.04671052631578948 )
( 0.8125689084895259 0.14994487320837926 0.037486218302094816 ))
(( 0.8367346938775511 0.15306122448979592 0.01020408163265306 )
( 0.8970588235294118 0.10294117647058823 0.0 )
( 0.5171898355754858 0.3515695067264574 0.1312406576980568 )
( 0.6440323063116961 0.27550104696380495 0.08046664672449895 ))
(( 0.7503750375037503 0.19501950195019502 0.054605460546054606 )
( 0.8093049971280873 0.14646754738655945 0.04422745548535324 )
( 0.7461734693877551 0.1747448979591837 0.07908163265306123 )
( 0.5644852659778034 0.33716035208572526 0.0983543819364715 ))
(( 0.7354709418837675 0.22645290581162325 0.03807615230460922 )
( 0.8571428571428571 0.11607142857142858 0.026785714285714284 )
( 0.8712871287128713 0.07920792079207921 0.04950495049504951 )
( 0.84375 0.09375 0.0625 ))
(( 0.9511278195488722 0.048872180451127824 0.0 )
( 1.0 0.0 0.0 )
( 1.0 0.0 0.0 )
( 1.0 0.0 0.0 ))
(( 1.0 0.0 0.0 )
( 0.7623873873873874 0.17792792792792791 0.059684684684684686 )
( 0.7770419426048565 0.17439293598233996 0.04856512141280353 )
( 0.8189189189189189 0.14054054054054055 0.04054054054054054 )))
((( 0.8571428571428572 0.09821428571428573 0.04464285714285715 )
( 0.75 0.18181818181818182 0.06818181818181818 )
( 0.8640776699029127 0.10679611650485438 0.029126213592233014 )
( 0.8727272727272727 0.09545454545454546 0.031818181818181815 ))
(( 0.8978805394990367 0.09441233140655107 0.007707129094412332 )
( 0.9256505576208178 0.06691449814126393 0.007434944237918215 )
( 0.9111111111111111 0.08888888888888889 0.0 )
( 0.5561601243684415 0.3276331130975515 0.116206762534007 ))
(( 0.7090032154340836 0.2427652733118971 0.04823151125401929 )
( 0.8755980861244019 0.10526315789473684 0.019138755980861243 )
( 0.921875 0.046875 0.03125 )
( 0.736842105263158 0.15789473684210528 0.10526315789473685 ))
(( 0.8669950738916257 0.11330049261083744 0.019704433497536946 )
( 0.942528735632184 0.0574712643678161 0.0 )
( 0.9242424242424242 0.07575757575757576 0.0 )
( 0.875 0.0 0.125 ))
(( 0.7857142857142857 0.2142857142857143 0.0 )
( 0.8760330578512396 0.10330578512396695 0.02066115702479339 )
( 0.8879310344827585 0.08620689655172413 0.025862068965517234 )
( 0.8852459016393442 0.07377049180327869 0.040983606557377046 ))
(( 0.8888888888888888 0.0 0.1111111111111111 )
( 1.0 0.0 0.0 )
( 0.6999022482893451 0.25317693059628543 0.0469208211143695 )
( 0.8543046357615894 0.12582781456953643 0.019867549668874173 ))
(( 0.9438775510204082 0.04591836734693878 0.01020408163265306 )
( 0.8333333333333334 0.16666666666666669 0.0 )
( 1.0 0.0 0.0 )
( 0.7885245901639344 0.17540983606557378 0.036065573770491806 ))
(( 0.842948717948718 0.13141025641025642 0.02564102564102564 )
( 0.8376068376068376 0.1452991452991453 0.017094017094017096 )
( 0.8513513513513513 0.12162162162162163 0.02702702702702703 )
( 0.7894736842105263 0.10526315789473684 0.10526315789473684 ))
(( 0.8926174496644296 0.087248322147651 0.020134228187919462 )
( 0.8837209302325582 0.046511627906976744 0.06976744186046512 )
( 0.8024691358024691 0.1111111111111111 0.08641975308641975 )
( 0.9374999999999999 0.0 0.0625 ))
(( 0.7058823529411765 0.23529411764705882 0.058823529411764705 )
( 0.6361111111111111 0.2263888888888889 0.1375 )
( 0.9166666666666667 0.07323232323232325 0.010101010101010104 )
( 0.8783783783783784 0.10231660231660232 0.019305019305019305 ))
(( 0.7634408602150538 0.16845878136200718 0.06810035842293907 )
( 0.6144578313253012 0.22289156626506024 0.16265060240963855 )
( 0.7151515151515152 0.23939393939393938 0.045454545454545456 )
( 0.8158730158730159 0.1619047619047619 0.022222222222222223 ))
(( 0.898876404494382 0.0898876404494382 0.011235955056179775 )
( 0.8409090909090909 0.09090909090909091 0.06818181818181818 )
( 0.7727272727272727 0.2272727272727273 0.0 )
( 0.5107462288079028 0.35309037511680685 0.13616339607529035 ))
(( 0.6157072943369843 0.2980657189466325 0.08622698671638312 )
( 0.7284002522598276 0.21147782215682154 0.06012192558335085 )
( 0.7971130713712911 0.15236567762630313 0.05052125100240577 )
( 0.7040229885057472 0.2088122605363985 0.08716475095785442 ))));
}

potential (QTDTOTMCC | HORARIO QTDTOT LIMCONC)
{
 data = (((( 1.0 0.0 0.0 0.0 0.0 0.0 0.0 0.0 0.0 0.0 0.0 0.0 )
( 0.0 0.0 0.0 1.0 0.0 0.0 0.0 0.0 0.0 0.0 0.0 0.0 )
( 0.0 0.0 0.0 0.0 0.0 0.0 1.0 0.0 0.0 0.0 0.0 0.0 )
( 0.0 0.0 0.0 0.0 0.0 0.0 0.0 0.0 0.0 1.0 0.0 0.0 ))
(( 0.5245747957680461 0.4754252042319539 0.0 0.0 0.0 0.0 0.0 0.0 0.0 0.0 0.0 0.0 )
( 0.0 0.0 0.0 0.5120627261761158 0.48793727382388424 0.0 0.0 0.0 0.0 0.0 0.0 0.0 )
( 0.0 0.0 0.0 0.0 0.0 0.0 0.5301353013530136 0.4698646986469865 0.0 0.0 0.0 0.0 )
( 0.0 0.0 0.0 0.0 0.0 0.0 0.0 0.0 0.0 0.5956937799043063 0.4043062200956938 0.0 ))
(( 0.368551724137931 0.2791724137931034 0.35227586206896544 0.0 0.0 0.0 0.0 0.0 0.0 0.0 0.0 0.0 )
( 0.0 0.0 0.0 0.3182135380321005 0.27424982554082344 0.40753663642707605 0.0 0.0 0.0 0.0 0.0 0.0 )
( 0.0 0.0 0.0 0.0 0.0 0.0 0.37277147487844403 0.26580226904376014 0.36142625607779577 0.0 0.0 0.0 )
( 0.0 0.0 0.0 0.0 0.0 0.0 0.0 0.0 0.0 0.5132075471698113 0.23773584905660375 0.24905660377358488 )))
((( 1.0 0.0 0.0 0.0 0.0 0.0 0.0 0.0 0.0 0.0 0.0 0.0 )
( 0.0 0.0 0.0 1.0 0.0 0.0 0.0 0.0 0.0 0.0 0.0 0.0 )
( 0.0 0.0 0.0 0.0 0.0 0.0 1.0 0.0 0.0 0.0 0.0 0.0 )
( 0.0 0.0 0.0 0.0 0.0 0.0 0.0 0.0 0.0 1.0 0.0 0.0 ))
(( 0.635854816824966 0.3641451831750339 0.0 0.0 0.0 0.0 0.0 0.0 0.0 0.0 0.0 0.0 )
( 0.0 0.0 0.0 0.637731196054254 0.362268803945746 0.0 0.0 0.0 0.0 0.0 0.0 0.0 )
( 0.0 0.0 0.0 0.0 0.0 0.0 0.6801421590404265 0.31985784095957354 0.0 0.0 0.0 0.0 )
( 0.0 0.0 0.0 0.0 0.0 0.0 0.0 0.0 0.0 0.6901998710509349 0.3098001289490651 0.0 ))
(( 0.45610630038817557 0.2612720214989549 0.28262167811286953 0.0 0.0 0.0 0.0 0.0 0.0 0.0 0.0 0.0 )
( 0.0 0.0 0.0 0.44051691372101864 0.2519954389965793 0.30748764728240213 0.0 0.0 0.0 0.0 0.0 0.0 )
( 0.0 0.0 0.0 0.0 0.0 0.0 0.5077047850770479 0.22546634225466342 0.26682887266828875 0.0 0.0 0.0 )
( 0.0 0.0 0.0 0.0 0.0 0.0 0.0 0.0 0.0 0.5599613152804642 0.230174081237911 0.20986460348162475 )))
((( 1.0 0.0 0.0 0.0 0.0 0.0 0.0 0.0 0.0 0.0 0.0 0.0 )
( 0.0 0.0 0.0 1.0 0.0 0.0 0.0 0.0 0.0 0.0 0.0 0.0 )
( 0.0 0.0 0.0 0.0 0.0 0.0 1.0 0.0 0.0 0.0 0.0 0.0 )
( 0.0 0.0 0.0 0.0 0.0 0.0 0.0 0.0 0.0 1.0 0.0 0.0 ))
(( 0.734894831905844 0.265105168094156 0.0 0.0 0.0 0.0 0.0 0.0 0.0 0.0 0.0 0.0 )
( 0.0 0.0 0.0 0.7593126967471143 0.24068730325288562 0.0 0.0 0.0 0.0 0.0 0.0 0.0 )
( 0.0 0.0 0.0 0.0 0.0 0.0 0.7910412757973734 0.20895872420262662 0.0 0.0 0.0 0.0 )
( 0.0 0.0 0.0 0.0 0.0 0.0 0.0 0.0 0.0 0.7947536334633108 0.20524636653668915 0.0 ))
