net
{
     node_size = (0 0);
     name = "learned net";
     tree = "(sexo,idadenumero,fronte,incisivos,mentoproeminencia,mentoredondo,glabela,orbita)";
     UnBBayes_Color_Probabilistic_Description = "-256";
     UnBBayes_Color_Probabilistic_Explanation = "-16711936";
     UnBBayes_Color_Utility = "-16711681";
     UnBBayes_Color_Decision = "-14336";
}

node sexo
{
     label = "sexo";
     position = (259 42);
     states = ("Masculino" "Feminino");
}

node idadenumero
{
     label = "idadenumero";
     position = (49 43);
     states = ("De23a36" "De49a66" "De36a49" "De21a23" "De18a21");
}

node fronte
{
     label = "fronte";
     position = (50 137);
     states = ("Inclinada" "MuitoVertical" "Vertical" "MuitoInclinada" "Indisponivel");
}

node incisivos
{
     label = "incisivos";
     position = (148 223);
     states = ("Quadrado" "Redondo" "MuitoQuadrado" "MuitoRedondo" "Indisponivel");
}

node mentoproeminencia
{
     label = "mentoproeminencia";
     position = (246 282);
     states = ("MuitoDiscreto" "Discreto" "Proeminente" "MuitoProeminente" "Indisponivel");
}

node mentoredondo
{
     label = "mentoredondo";
     position = (396 368);
     states = ("Arredondado" "Quadrado" "MuitoArredondado" "MuitoQuadrado" "Indisponivel");
}

node glabela
{
     label = "glabela";
     position = (49 232);
     states = ("MuitoProeminente" "NadaProeminente" "Proeminente" "PoucoProeminente" "Indisponivel");
}

node orbita
{
     label = "orbita";
     position = (440 150);
     states = ("Angulosa" "Redonda" "Indisponivel" "MuitoRedonda" "MuitoAngulosa");
}

potential (sexo)
{
 data = ( 0.541637 0.458363 );
}

potential (idadenumero)
{
 data = ( 0.19460227 0.15411931 0.14630681 0.1796875 0.3252841 );
}

potential (fronte | idadenumero)
{
 data = (( 0.2266187 0.097122304 0.45683452 0.21582733 0.0035971224 )
( 0.2850679 0.09049774 0.3484163 0.27149323 0.004524887 )
( 0.2952381 0.14761905 0.41904762 0.13333334 0.004761905 )
( 0.49027237 0.019455252 0.23346303 0.24902724 0.007782101 )
( 0.31385282 0.19480519 0.35497835 0.13419913 0.0021645022 ));
}

potential (incisivos | sexo idadenumero)
{
 data = ((( 0.88 0.093333334 0.013333334 0.006666667 0.006666667 )
( 0.05263158 0.7669173 0.007518797 0.16541353 0.007518797 ))
(( 0.96350366 0.00729927 0.00729927 0.00729927 0.01459854 )
( 0.33707866 0.6292135 0.011235955 0.011235955 0.011235955 ))
(( 0.95 0.016666668 0.016666668 0.008333334 0.008333334 )
( 0.021052632 0.94736844 0.010526316 0.010526316 0.010526316 ))
(( 0.7112676 0.2535211 0.014084507 0.0070422534 0.014084507 )
( 0.5083333 0.35833332 0.008333334 0.11666667 0.008333334 ))
(( 0.5254237 0.19915254 0.13983051 0.13135593 0.004237288 )
( 0.4199134 0.13419913 0.16883117 0.27272728 0.0043290043 )));
}

potential (mentoproeminencia | sexo incisivos)
{
 data = ((( 0.13432837 0.2172471 0.45605308 0.19071311 0.0016583748 )
( 0.17766498 0.44162437 0.26903552 0.10659899 0.005076142 ))
(( 0.01 0.31 0.63 0.04 0.01 )
( 0.05279503 0.4378882 0.29192546 0.21428572 0.0031055901 ))
(( 0.475 0.125 0.15 0.225 0.025 )
( 0.44186047 0.37209302 0.023255814 0.13953489 0.023255814 ))
(( 0.028571429 0.08571429 0.82857144 0.028571429 0.028571429 )
( 0.00990099 0.6930693 0.18811882 0.0990099 0.00990099 ))
(( 0.14285715 0.14285715 0.2857143 0.14285715 0.2857143 )
( 0.2 0.2 0.2 0.2 0.2 )));
}

potential (mentoredondo | mentoproeminencia sexo)
{
 data = ((( 0.22330096 0.3883495 0.26213592 0.116504855 0.009708738 )
( 0.2631579 0.29239765 0.058479533 0.38011697 0.0058479533 )
( 0.168 0.424 0.224 0.18133333 0.0026666666 )
( 0.16153847 0.37692308 0.43076923 0.023076924 0.0076923077 )
( 0.16666667 0.16666667 0.16666667 0.16666667 0.33333334 ))
(( 0.69863015 0.1780822 0.09589041 0.01369863 0.01369863 )
( 0.41904762 0.25079367 0.08571429 0.24126984 0.0031746032 )
( 0.41666666 0.44642857 0.125 0.005952381 0.005952381 )
( 0.34579438 0.45794392 0.17757009 0.009345794 0.009345794 )
( 0.2 0.2 0.2 0.2 0.2 )));
}

potential (glabela | sexo fronte)
{
 data = ((( 0.01754386 0.003508772 0.83859646 0.1368421 0.003508772 )
( 0.005586592 0.74860334 0.02793296 0.2122905 0.005586592 ))
(( 0.9066667 0.026666667 0.026666667 0.026666667 0.013333334 )
( 0.009708738 0.058252428 0.019417476 0.9029126 0.009708738 ))
(( 0.01984127 0.003968254 0.9285714 0.043650795 0.003968254 )
( 0.003717472 0.029739777 0.01858736 0.94423795 0.003717472 ))
(( 0.011976048 0.28143713 0.047904193 0.6526946 0.005988024 )
( 0.008928572 0.96428573 0.008928572 0.008928572 0.008928572 ))
(( 0.16666667 0.16666667 0.16666667 0.16666667 0.33333334 )
( 0.2 0.2 0.2 0.2 0.2 )));
}

potential (orbita | sexo)
{
 data = (( 0.60784316 0.3764706 0.0026143792 0.010457517 0.0026143792 )
( 0.3888889 0.5972222 0.0015432099 0.010802469 0.0015432099 ));
}

