net
{
     node_size = (0 0);
     name = "learned net";
     tree = "(Idade,Sexo,Glabela,Fronte,Incisivos,MentoRedondo,MentoProeminencia,Orbita)";
     UnBBayes_Color_Probabilistic_Description = "-256";
     UnBBayes_Color_Probabilistic_Explanation = "-16711936";
     UnBBayes_Color_Utility = "-16711681";
     UnBBayes_Color_Decision = "-14336";
}

node Idade
{
     label = "Idade";
     position = (142 59);
     states = ("De20a30" "De31a40" "De51a60" "De41a50" "MenoresDe20" "MaioresDe60");
}

node Sexo
{
     label = "Sexo";
     position = (255 60);
     states = ("Masculino" "Feminino");
}

node Glabela
{
     label = "Glabela";
     position = (37 206);
     states = ("MuitoProeminente" "NadaProeminente" "Proeminente" "PoucoProeminente" "Indisponivel");
}

node Fronte
{
     label = "Fronte";
     position = (99 206);
     states = ("Inclinada" "MuitoVertical" "Vertical" "MuitoInclinada" "Indisponivel");
}

node Incisivos
{
     label = "Incisivos";
     position = (164 206);
     states = ("Quadrado" "Redondo" "MuitoQuadrado" "MuitoRedondo" "Indisponivel");
}

node MentoRedondo
{
     label = "MentoRedondo";
     position = (238 206);
     states = ("Redondo" "Quadrado" "MuitoRedondo" "MuitoQuadrado" "Indisponivel");
}

node MentoProeminencia
{
     label = "MentoProeminencia";
     position = (327 207);
     states = ("MuitoDiscreto" "Discreto" "Proeminente" "MuitoProeminente" "Indisponivel");
}

node Orbita
{
     label = "Orbita";
     position = (415 207);
     states = ("Angulosa" "Redonda" "Indisponivel" "MuitoAngulosa" "MuitoRedonda");
}

potential (Idade)
{
 data = ( 0.4473684 0.24561404 0.078947365 0.07017544 0.14035088 0.01754386 );
}

potential (Sexo)
{
 data = ( 0.6 0.4 );
}

potential (Glabela | Idade Sexo)
{
 data = ((( 0.13513513 0.027027028 0.5945946 0.1891892 0.054054055 )
( 0.0952381 0.0952381 0.47619048 0.2857143 0.04761905 )
( 0.1 0.1 0.6 0.1 0.1 )
( 0.1 0.1 0.4 0.3 0.1 )
( 0.18181819 0.09090909 0.54545456 0.09090909 0.09090909 )
( 0.16666667 0.16666667 0.33333334 0.16666667 0.16666667 ))
(( 0.04347826 0.26086956 0.2173913 0.39130434 0.08695652 )
( 0.0625 0.25 0.25 0.375 0.0625 )
( 0.125 0.125 0.25 0.375 0.125 )
( 0.14285715 0.14285715 0.2857143 0.2857143 0.14285715 )
( 0.071428575 0.42857143 0.071428575 0.35714287 0.071428575 )
( 0.2 0.2 0.2 0.2 0.2 )));
}

potential (Fronte | Idade Sexo)
{
 data = ((( 0.4054054 0.027027028 0.3783784 0.13513513 0.054054055 )
( 0.3809524 0.14285715 0.3809524 0.04761905 0.04761905 )
( 0.4 0.1 0.2 0.2 0.1 )
( 0.2 0.2 0.3 0.2 0.1 )
( 0.36363637 0.09090909 0.18181819 0.27272728 0.09090909 )
( 0.33333334 0.16666667 0.16666667 0.16666667 0.16666667 ))
(( 0.13043478 0.13043478 0.6086956 0.04347826 0.08695652 )
( 0.1875 0.3125 0.375 0.0625 0.0625 )
( 0.375 0.125 0.25 0.125 0.125 )
( 0.2857143 0.14285715 0.2857143 0.14285715 0.14285715 )
( 0.14285715 0.14285715 0.5714286 0.071428575 0.071428575 )
( 0.2 0.2 0.2 0.2 0.2 )));
}

potential (Incisivos | Idade Sexo)
{
 data = ((( 0.5405405 0.2972973 0.08108108 0.027027028 0.054054055 )
( 0.52380955 0.33333334 0.04761905 0.04761905 0.04761905 )
( 0.5 0.1 0.1 0.1 0.2 )
( 0.5 0.1 0.2 0.1 0.1 )
( 0.54545456 0.18181819 0.09090909 0.09090909 0.09090909 )
( 0.33333334 0.16666667 0.16666667 0.16666667 0.16666667 ))
(( 0.2173913 0.5652174 0.04347826 0.08695652 0.08695652 )
( 0.375 0.4375 0.0625 0.0625 0.0625 )
( 0.25 0.375 0.125 0.125 0.125 )
( 0.2857143 0.2857143 0.14285715 0.14285715 0.14285715 )
( 0.14285715 0.5714286 0.071428575 0.14285715 0.071428575 )
( 0.2 0.2 0.2 0.2 0.2 )));
}

potential (MentoRedondo | Idade Sexo)
{
 data = ((( 0.45945945 0.35135135 0.054054055 0.08108108 0.054054055 )
( 0.47619048 0.3809524 0.04761905 0.04761905 0.04761905 )
( 0.1 0.6 0.1 0.1 0.1 )
( 0.1 0.6 0.1 0.1 0.1 )
( 0.54545456 0.09090909 0.09090909 0.18181819 0.09090909 )
( 0.16666667 0.33333334 0.16666667 0.16666667 0.16666667 ))
(( 0.6086956 0.2173913 0.04347826 0.04347826 0.08695652 )
( 0.6875 0.125 0.0625 0.0625 0.0625 )
( 0.375 0.25 0.125 0.125 0.125 )
( 0.2857143 0.2857143 0.14285715 0.14285715 0.14285715 )
( 0.35714287 0.35714287 0.14285715 0.071428575 0.071428575 )
( 0.2 0.2 0.2 0.2 0.2 )));
}

potential (MentoProeminencia | Idade Sexo)
{
 data = ((( 0.08108108 0.35135135 0.4864865 0.027027028 0.054054055 )
( 0.04761905 0.2857143 0.5714286 0.04761905 0.04761905 )
( 0.1 0.1 0.5 0.2 0.1 )
( 0.1 0.2 0.5 0.1 0.1 )
( 0.09090909 0.45454547 0.27272728 0.09090909 0.09090909 )
( 0.16666667 0.16666667 0.33333334 0.16666667 0.16666667 ))
(( 0.04347826 0.5652174 0.26086956 0.04347826 0.08695652 )
( 0.125 0.375 0.375 0.0625 0.0625 )
( 0.125 0.25 0.375 0.125 0.125 )
( 0.14285715 0.14285715 0.42857143 0.14285715 0.14285715 )
( 0.071428575 0.42857143 0.35714287 0.071428575 0.071428575 )
( 0.2 0.2 0.2 0.2 0.2 )));
}

potential (Orbita | Idade Sexo)
{
 data = ((( 0.5135135 0.35135135 0.054054055 0.054054055 0.027027028 )
( 0.33333334 0.52380955 0.04761905 0.04761905 0.04761905 )
( 0.4 0.3 0.1 0.1 0.1 )
( 0.2 0.5 0.1 0.1 0.1 )
( 0.27272728 0.45454547 0.09090909 0.09090909 0.09090909 )
( 0.33333334 0.16666667 0.16666667 0.16666667 0.16666667 ))
(( 0.3043478 0.5217391 0.04347826 0.04347826 0.08695652 )
( 0.25 0.5625 0.0625 0.0625 0.0625 )
( 0.125 0.5 0.125 0.125 0.125 )
( 0.14285715 0.42857143 0.14285715 0.14285715 0.14285715 )
( 0.21428572 0.5714286 0.071428575 0.071428575 0.071428575 )
( 0.2 0.2 0.2 0.2 0.2 )));
}

